timestam,TP9,AF7,AF8,TP10,AUX,Marker
281.00390625,-46.875,-35.15625,-29.296875,-21.484375,-84.47265625,0.0
281.0078125,-41.015625,-38.57421875,-25.390625,-18.06640625,30.76171875,0.0
281.01171875,-27.83203125,-43.45703125,-23.92578125,0.48828125,47.36328125,0.0
281.015625,-33.69140625,-44.43359375,-21.97265625,-11.71875,34.1796875,0.0
281.01953125,-38.0859375,-38.57421875,-27.83203125,-39.0625,48.33984375,0.0
281.0234375,-36.1328125,-33.203125,-40.0390625,-41.50390625,14.6484375,0.0
281.02734375,-54.19921875,-36.62109375,-31.73828125,-42.96875,-41.015625,0.0
281.03125,-59.5703125,-37.109375,-19.04296875,-49.8046875,-40.52734375,0.0
281.03515625,-47.8515625,-34.66796875,-20.5078125,-64.94140625,33.69140625,0.0
281.0390625,-56.15234375,-37.59765625,-25.390625,-45.41015625,20.5078125,0.0
281.04296875,-62.5,-36.62109375,-28.3203125,-14.16015625,-34.66796875,0.0
281.046875,-35.64453125,-36.62109375,-23.4375,-42.96875,-37.109375,0.0
281.05078125,-33.203125,-42.48046875,-27.83203125,-42.96875,-5.859375,0.0
281.0546875,-25.87890625,-34.1796875,-40.52734375,-39.0625,21.97265625,0.0
281.05859375,-33.203125,-25.390625,-44.921875,-44.43359375,-9.27734375,0.0
281.0625,-41.015625,-30.2734375,-43.9453125,-43.9453125,-40.52734375,0.0
281.06640625,-7.32421875,-33.203125,-39.0625,-49.31640625,-25.87890625,0.0
281.0703125,-12.20703125,-36.1328125,-34.1796875,-48.828125,-80.56640625,0.0
281.07421875,-36.1328125,-36.62109375,-30.76171875,-38.0859375,-122.0703125,0.0
281.078125,-28.3203125,-33.203125,-38.0859375,-55.17578125,-33.69140625,0.0
281.08203125,-27.83203125,-29.296875,-38.0859375,-87.40234375,-12.20703125,0.0
281.0859375,-8.30078125,-34.1796875,-31.73828125,-49.31640625,-83.49609375,0.0
281.08984375,-23.4375,-38.57421875,-30.76171875,-11.71875,-76.66015625,0.0
281.09375,-79.58984375,-35.64453125,-25.390625,-31.73828125,-191.40625,0.0
281.09765625,-89.84375,-32.2265625,-27.83203125,-53.7109375,-149.90234375,0.0
281.1015625,-55.6640625,-34.66796875,-33.203125,-58.59375,-111.81640625,0.0
281.10546875,-51.7578125,-31.73828125,-39.0625,-68.359375,-256.34765625,0.0
281.109375,-83.0078125,-29.78515625,-37.109375,-66.89453125,-162.109375,0.0
281.11328125,-48.828125,-20.5078125,-31.25,-29.296875,-88.8671875,0.0
281.1171875,-31.73828125,-18.5546875,-28.80859375,-17.08984375,-90.8203125,0.0
281.12109375,-50.29296875,-28.80859375,-34.66796875,-26.85546875,-43.45703125,0.0
281.125,-27.83203125,-37.109375,-33.69140625,-33.69140625,-47.8515625,0.0
281.12890625,-20.5078125,-38.0859375,-23.92578125,-39.0625,-6.8359375,0.0
281.1328125,-20.01953125,-28.3203125,-26.85546875,-36.62109375,-68.84765625,0.0
281.13671875,-14.6484375,-25.390625,-24.4140625,-1.953125,-100.5859375,0.0
281.140625,-24.4140625,-26.85546875,-23.92578125,-3.90625,-53.7109375,0.0
281.14453125,-24.90234375,-27.83203125,-30.2734375,-31.25,-61.5234375,0.0
281.1484375,1.46484375,-28.80859375,-27.34375,-25.390625,-148.4375,0.0
281.15234375,-5.859375,-29.296875,-27.34375,-32.71484375,-163.0859375,0.0
281.15625,-15.625,-36.62109375,-37.59765625,-42.48046875,-148.92578125,0.0
281.16015625,-12.20703125,-47.36328125,-46.38671875,-54.19921875,-110.3515625,0.0
281.1640625,-14.6484375,-35.64453125,-34.66796875,-62.01171875,-39.0625,0.0
281.16796875,-26.85546875,-23.92578125,-31.25,-52.24609375,-45.41015625,0.0
281.171875,-33.203125,-20.5078125,-32.71484375,-41.9921875,-29.296875,0.0
281.17578125,-6.8359375,-26.85546875,-35.15625,-42.48046875,10.7421875,0.0
281.1796875,-26.85546875,-35.64453125,-35.64453125,-35.15625,32.2265625,0.0
281.18359375,-43.9453125,-38.0859375,-37.109375,-40.52734375,12.6953125,0.0
281.1875,-38.57421875,-33.69140625,-35.64453125,-45.41015625,35.15625,0.0
281.19140625,-38.57421875,-32.71484375,-34.66796875,-35.15625,9.765625,0.0
281.1953125,-38.0859375,-39.0625,-24.90234375,-30.76171875,-64.94140625,0.0
281.19921875,-27.83203125,-37.59765625,-13.671875,-29.78515625,-67.3828125,0.0
281.203125,-15.625,-37.109375,-25.87890625,-35.15625,2.44140625,0.0
281.20703125,-31.73828125,-34.66796875,-25.87890625,-35.15625,-32.2265625,0.0
281.2109375,-37.59765625,-26.85546875,-24.90234375,-41.9921875,-52.24609375,0.0
281.21484375,-21.97265625,-29.78515625,-32.71484375,-45.8984375,31.25,0.0
281.21875,-41.50390625,-36.62109375,-29.78515625,-37.109375,44.43359375,0.0
281.22265625,-44.43359375,-33.203125,-31.73828125,-42.96875,40.52734375,0.0
281.2265625,-36.1328125,-27.34375,-38.57421875,-29.296875,83.0078125,0.0
281.23046875,-26.85546875,-26.85546875,-30.2734375,-17.578125,0.0,0.0
281.234375,-13.671875,-26.85546875,-23.92578125,-6.34765625,6.8359375,0.0
281.23828125,-35.64453125,-28.80859375,-24.90234375,-26.3671875,1.953125,0.0
281.2421875,-28.80859375,-36.1328125,-24.4140625,-68.84765625,-42.96875,0.0
281.24609375,0.0,-20.99609375,-33.203125,-40.52734375,11.71875,0.0
281.25,3.90625,-17.08984375,-34.66796875,-21.484375,-51.7578125,0.0
281.25390625,-20.5078125,-26.3671875,-30.76171875,-31.73828125,-86.42578125,0.0
281.2578125,-44.43359375,-28.3203125,-31.25,-42.48046875,-62.5,0.0
281.26171875,-25.390625,-30.2734375,-35.15625,-48.828125,8.7890625,0.0
281.265625,-21.484375,-28.80859375,-40.0390625,-35.15625,25.390625,0.0
281.26953125,-28.3203125,-23.92578125,-32.2265625,-38.0859375,-37.109375,0.0
281.2734375,-14.6484375,-25.87890625,-24.4140625,-23.92578125,-6.34765625,0.0
281.27734375,-14.16015625,-33.203125,-35.64453125,-5.859375,-48.828125,0.0
281.28125,-11.23046875,-26.3671875,-43.45703125,-22.4609375,-121.58203125,0.0
281.28515625,-18.5546875,-27.83203125,-30.76171875,-33.203125,-75.68359375,0.0
281.2890625,-13.18359375,-28.80859375,-21.484375,-32.2265625,-46.38671875,0.0
281.29296875,-39.55078125,-22.94921875,-28.80859375,-24.90234375,-116.69921875,0.0
281.296875,-48.33984375,-20.99609375,-38.57421875,-21.97265625,-137.6953125,0.0
281.30078125,-11.71875,-24.90234375,-24.90234375,-31.73828125,-111.81640625,0.0
281.3046875,-14.6484375,-39.0625,-19.53125,-34.1796875,-108.88671875,0.0
281.30859375,-31.73828125,-39.0625,-26.3671875,-16.6015625,-173.33984375,0.0
281.3125,-34.66796875,-28.3203125,-23.4375,-25.87890625,-222.16796875,0.0
281.31640625,-28.80859375,-20.01953125,-30.76171875,-30.76171875,-222.65625,0.0
281.3203125,-15.13671875,-16.11328125,-32.71484375,-26.3671875,-187.01171875,0.0
281.32421875,-23.92578125,-15.625,-25.87890625,-27.34375,-81.0546875,0.0
281.328125,-20.01953125,-20.01953125,-30.76171875,-21.484375,-83.0078125,0.0
281.33203125,-20.5078125,-21.484375,-32.2265625,-24.90234375,-80.078125,0.0
281.3359375,-45.41015625,-29.78515625,-32.2265625,-28.80859375,18.5546875,0.0
281.33984375,-39.0625,-36.62109375,-34.1796875,-18.06640625,116.2109375,0.0
281.34375,-34.66796875,-28.80859375,-36.1328125,-22.94921875,76.171875,0.0
281.34765625,-44.921875,-25.390625,-42.48046875,-18.5546875,-30.76171875,0.0
281.3515625,-41.9921875,-28.80859375,-49.31640625,-24.90234375,42.96875,0.0
281.35546875,-30.2734375,-37.109375,-41.50390625,-34.66796875,34.66796875,0.0
281.359375,-26.85546875,-33.203125,-30.76171875,-38.57421875,-40.0390625,0.0
281.36328125,-12.6953125,-24.90234375,-36.62109375,-40.0390625,-39.0625,0.0
281.3671875,7.32421875,-24.4140625,-45.8984375,-28.80859375,-53.7109375,0.0
281.37109375,-22.94921875,-27.34375,-41.015625,-18.06640625,-55.17578125,0.0
281.375,-45.8984375,-27.83203125,-27.83203125,-13.671875,-40.0390625,0.0
281.37890625,-36.62109375,-31.25,-24.90234375,-28.3203125,-29.78515625,0.0
281.3828125,-39.55078125,-38.0859375,-29.296875,-32.2265625,-55.17578125,0.0
281.38671875,-36.1328125,-33.203125,-31.73828125,-24.90234375,-75.68359375,0.0
281.390625,-21.97265625,-21.484375,-30.76171875,-17.578125,-14.6484375,0.0
281.39453125,-31.25,-20.99609375,-30.76171875,-10.7421875,-2.9296875,0.0
281.3984375,-33.203125,-24.4140625,-30.2734375,-15.625,28.80859375,0.0
281.40234375,-27.34375,-31.25,-33.69140625,-20.5078125,-7.32421875,0.0
281.40625,-23.4375,-35.15625,-31.73828125,-27.34375,-17.08984375,0.0
281.41015625,-24.90234375,-36.1328125,-27.83203125,-30.76171875,44.921875,0.0
281.4140625,-27.83203125,-29.78515625,-31.73828125,-27.83203125,28.3203125,0.0
281.41796875,-36.1328125,-29.296875,-40.0390625,-33.203125,-54.6875,0.0
281.421875,-27.34375,-31.73828125,-39.55078125,-40.52734375,-69.3359375,0.0
281.42578125,-20.99609375,-29.78515625,-31.25,-29.78515625,-31.25,0.0
281.4296875,-36.62109375,-32.2265625,-30.2734375,-26.3671875,-82.03125,0.0
281.43359375,-47.8515625,-38.0859375,-27.83203125,-34.66796875,-61.03515625,0.0
281.4375,-32.71484375,-35.15625,-28.80859375,-36.62109375,-9.765625,0.0
281.44140625,-19.53125,-40.0390625,-34.66796875,-38.0859375,-21.97265625,0.0
281.4453125,-18.06640625,-44.43359375,-29.78515625,-21.484375,-69.82421875,0.0
281.44921875,-28.80859375,-28.3203125,-23.4375,-27.83203125,-16.6015625,0.0
281.453125,-27.83203125,-15.13671875,-25.390625,-34.66796875,56.640625,0.0
281.45703125,-2.44140625,-13.671875,-29.78515625,-9.27734375,37.59765625,0.0
281.4609375,-32.2265625,-13.671875,-20.5078125,-17.08984375,-6.8359375,0.0
281.46484375,-53.7109375,-21.484375,-24.4140625,-43.45703125,-37.59765625,0.0
281.46875,-51.26953125,-40.0390625,-34.1796875,-23.4375,-78.61328125,0.0
281.47265625,-63.96484375,-40.52734375,-31.25,-32.2265625,-56.640625,0.0
281.4765625,-51.7578125,-33.69140625,-23.92578125,-55.17578125,7.8125,0.0
281.48046875,-48.33984375,-41.50390625,-21.484375,-39.55078125,-21.97265625,0.0
281.484375,-57.12890625,-41.9921875,-27.34375,-41.9921875,-2.9296875,0.0
281.48828125,-40.0390625,-27.83203125,-23.4375,-48.33984375,20.01953125,0.0
281.4921875,-38.0859375,-22.4609375,-19.04296875,-32.71484375,-66.40625,0.0
281.49609375,-40.0390625,-31.25,-20.5078125,-29.296875,-56.15234375,0.0
281.5,-23.92578125,-35.15625,-20.01953125,-32.71484375,0.0,0.0
281.50390625,-38.57421875,-31.73828125,-31.25,-26.85546875,-50.29296875,0.0
281.5078125,-59.08203125,-20.99609375,-15.13671875,-32.71484375,-67.3828125,0.0
281.51171875,-62.98828125,-23.92578125,8.7890625,-38.57421875,-70.80078125,0.0
281.515625,-45.8984375,-32.71484375,-1.46484375,-41.9921875,-0.48828125,0.0
281.51953125,-37.109375,-25.390625,-8.7890625,-44.921875,52.734375,0.0
281.5234375,-59.08203125,-28.80859375,-13.18359375,-54.19921875,1.46484375,0.0
281.52734375,-67.87109375,-25.390625,-2.9296875,-57.6171875,-17.578125,0.0
281.53125,-76.66015625,-24.90234375,-9.765625,-72.265625,12.6953125,0.0
281.53515625,-99.12109375,-31.25,-15.625,-93.26171875,13.671875,0.0
281.5390625,-114.74609375,-26.3671875,-18.5546875,-101.5625,-25.390625,0.0
281.54296875,-127.44140625,-16.6015625,-24.4140625,-131.34765625,-3.41796875,0.0
281.546875,-133.30078125,-12.20703125,-0.9765625,-163.0859375,-15.625,0.0
281.55078125,-166.50390625,-20.5078125,14.16015625,-190.91796875,-16.11328125,0.0
281.5546875,-206.0546875,-21.97265625,3.90625,-205.56640625,54.19921875,0.0
281.55859375,-221.19140625,-2.9296875,-1.953125,-201.171875,-16.11328125,0.0
281.5625,-211.9140625,0.9765625,-10.25390625,-204.1015625,-70.3125,0.0
281.56640625,-205.078125,-11.23046875,-5.37109375,-204.1015625,-0.9765625,0.0
281.5703125,-226.07421875,-20.01953125,13.18359375,-219.23828125,-74.21875,0.0
281.57421875,-223.6328125,-22.94921875,13.18359375,-223.6328125,-124.0234375,0.0
281.578125,-227.5390625,-13.18359375,13.18359375,-210.44921875,-89.35546875,0.0
281.58203125,-209.47265625,-13.671875,9.27734375,-224.609375,-170.8984375,0.0
281.5859375,-178.22265625,-16.11328125,10.25390625,-205.078125,-264.6484375,0.0
281.58984375,-173.828125,-11.23046875,8.30078125,-177.24609375,-184.5703125,0.0
281.59375,-170.8984375,-15.13671875,3.90625,-168.9453125,-36.1328125,0.0
281.59765625,-168.45703125,-24.90234375,-7.32421875,-166.015625,78.125,0.0
281.6015625,-148.4375,-23.4375,-26.3671875,-150.390625,4.8828125,0.0
281.60546875,-138.18359375,-27.83203125,-23.4375,-141.6015625,-69.3359375,0.0
281.609375,-130.37109375,-27.34375,-21.484375,-142.08984375,-8.30078125,0.0
281.61328125,-98.6328125,-18.06640625,-24.4140625,-106.4453125,-29.78515625,0.0
281.6171875,-80.56640625,-18.06640625,-7.32421875,-94.23828125,-76.171875,0.0
281.62109375,-84.47265625,-21.97265625,-18.06640625,-91.30859375,-71.2890625,0.0
281.625,-88.37890625,-34.66796875,-37.59765625,-89.35546875,-116.69921875,0.0
281.62890625,-83.0078125,-33.203125,-41.015625,-70.3125,-110.3515625,0.0
281.6328125,-46.38671875,-28.80859375,-40.0390625,-19.53125,-40.52734375,0.0
281.63671875,-19.53125,-35.15625,-39.55078125,-28.80859375,-15.625,0.0
281.640625,-28.80859375,-40.52734375,-46.875,-45.8984375,24.90234375,0.0
281.64453125,-5.859375,-36.62109375,-49.8046875,-20.5078125,-6.34765625,0.0
281.6484375,11.71875,-30.76171875,-53.22265625,11.23046875,-93.26171875,0.0
281.65234375,-3.90625,-36.1328125,-62.98828125,19.53125,-109.86328125,0.0
281.65625,-4.39453125,-43.9453125,-54.6875,7.8125,-110.83984375,0.0
281.66015625,5.37109375,-45.8984375,-31.73828125,8.30078125,-195.80078125,0.0
281.6640625,15.13671875,-39.0625,-30.76171875,21.97265625,-136.71875,0.0
281.66796875,10.7421875,-43.45703125,-42.48046875,21.97265625,-35.15625,0.0
281.671875,4.8828125,-45.41015625,-41.9921875,20.5078125,-46.38671875,0.0
281.67578125,9.765625,-45.8984375,-47.8515625,28.80859375,-42.48046875,0.0
281.6796875,10.25390625,-46.875,-53.22265625,34.1796875,-33.203125,0.0
281.68359375,22.4609375,-38.57421875,-46.38671875,35.15625,-37.59765625,0.0
281.6875,29.78515625,-33.203125,-40.0390625,48.33984375,-8.7890625,0.0
281.69140625,22.94921875,-31.25,-41.015625,41.9921875,-46.875,0.0
281.6953125,15.625,-30.2734375,-41.9921875,33.203125,-93.75,0.0
281.69921875,16.6015625,-38.57421875,-43.45703125,32.2265625,-51.26953125,0.0
281.703125,26.85546875,-42.96875,-45.41015625,1.953125,-39.0625,0.0
281.70703125,30.2734375,-42.96875,-44.921875,23.4375,-77.63671875,0.0
281.7109375,9.765625,-38.57421875,-45.41015625,47.36328125,-73.2421875,0.0
281.71484375,9.765625,-38.0859375,-36.1328125,35.64453125,-34.66796875,0.0
281.71875,27.83203125,-44.43359375,-30.2734375,31.73828125,-38.57421875,0.0
281.72265625,22.4609375,-38.57421875,-35.64453125,22.4609375,-68.84765625,0.0
281.7265625,20.99609375,-33.69140625,-38.0859375,11.71875,-72.75390625,0.0
281.73046875,43.45703125,-27.83203125,-36.1328125,24.4140625,13.671875,0.0
281.734375,43.9453125,-29.78515625,-43.9453125,32.71484375,62.5,0.0
281.73828125,22.4609375,-31.73828125,-47.8515625,26.85546875,90.33203125,0.0
281.7421875,41.015625,-29.78515625,-45.8984375,30.2734375,58.59375,0.0
281.74609375,64.453125,-29.78515625,-49.8046875,26.3671875,13.18359375,0.0
281.75,69.3359375,-28.80859375,-41.50390625,17.578125,13.18359375,0.0
281.75390625,33.203125,-30.76171875,-21.97265625,17.08984375,-10.25390625,0.0
281.7578125,-8.7890625,-30.76171875,-20.99609375,3.90625,-71.77734375,0.0
281.76171875,-5.859375,-29.296875,-29.78515625,5.37109375,-76.66015625,0.0
281.765625,0.48828125,-28.80859375,-30.76171875,2.44140625,-27.34375,0.0
281.76953125,-1.46484375,-24.90234375,-35.15625,17.578125,-25.87890625,0.0
281.7734375,13.18359375,-23.92578125,-42.48046875,32.2265625,31.25,0.0
281.77734375,21.97265625,-38.57421875,-48.33984375,29.78515625,42.48046875,0.0
281.78125,11.23046875,-44.43359375,-49.8046875,23.92578125,-12.20703125,0.0
281.78515625,10.7421875,-33.69140625,-47.36328125,6.34765625,19.04296875,0.0
281.7890625,13.671875,-27.34375,-41.9921875,-0.48828125,12.6953125,0.0
281.79296875,-1.46484375,-27.83203125,-25.390625,5.37109375,21.97265625,0.0
281.796875,-6.34765625,-32.71484375,-6.8359375,9.27734375,-30.2734375,0.0
281.80078125,15.625,-31.73828125,-16.6015625,3.41796875,-35.64453125,0.0
281.8046875,-4.8828125,-38.57421875,-34.66796875,-7.32421875,-35.64453125,0.0
281.80859375,-5.859375,-42.96875,-36.1328125,-9.27734375,-64.94140625,0.0
281.8125,-4.39453125,-39.55078125,-33.69140625,16.6015625,-37.109375,0.0
281.81640625,-8.7890625,-38.0859375,-42.48046875,9.27734375,-6.8359375,0.0
281.8203125,5.37109375,-25.87890625,-49.31640625,-27.83203125,2.9296875,0.0
281.82421875,-0.48828125,-28.3203125,-41.015625,-29.296875,-4.8828125,0.0
281.828125,-11.71875,-37.59765625,-35.15625,-6.34765625,-54.19921875,0.0
281.83203125,-12.6953125,-33.203125,-42.48046875,-4.8828125,-41.50390625,0.0
281.8359375,-13.671875,-31.73828125,-47.36328125,-12.6953125,-54.19921875,0.0
281.83984375,-27.34375,-32.2265625,-25.390625,-11.71875,-56.640625,0.0
281.84375,-14.6484375,-32.71484375,3.90625,-17.08984375,-36.62109375,0.0
281.84765625,-13.18359375,-41.9921875,-15.13671875,-19.04296875,-22.94921875,0.0
281.8515625,-14.16015625,-35.15625,-29.78515625,-6.8359375,-54.6875,0.0
281.85546875,-15.13671875,-28.3203125,-28.80859375,-0.48828125,17.578125,0.0
281.859375,-15.13671875,-28.3203125,-37.109375,-18.5546875,-13.18359375,0.0
281.86328125,0.9765625,-28.80859375,-41.9921875,-32.2265625,-72.75390625,0.0
281.8671875,-8.7890625,-38.0859375,-33.203125,-13.671875,-2.44140625,0.0
281.87109375,-8.30078125,-32.71484375,-25.390625,2.44140625,-23.92578125,0.0
281.875,-5.37109375,-25.390625,-41.50390625,-9.27734375,-101.07421875,0.0
281.87890625,-16.6015625,-33.69140625,-43.9453125,-24.4140625,-47.8515625,0.0
281.8828125,-29.296875,-35.15625,-40.52734375,-32.2265625,-11.23046875,0.0
281.88671875,-28.3203125,-35.64453125,-35.15625,-41.015625,-17.08984375,0.0
281.890625,-13.671875,-39.55078125,-35.15625,-40.0390625,16.6015625,0.0
281.89453125,-10.25390625,-31.25,-36.62109375,-28.3203125,42.96875,0.0
281.8984375,-11.23046875,-29.296875,-30.2734375,-23.4375,88.8671875,0.0
281.90234375,-9.27734375,-31.25,-31.25,-26.85546875,50.78125,0.0
281.90625,-1.953125,-31.73828125,-37.59765625,-26.85546875,-41.9921875,0.0
281.91015625,-0.9765625,-28.3203125,-38.0859375,-18.5546875,-40.52734375,0.0
281.9140625,-35.64453125,-26.85546875,-33.203125,-26.85546875,0.0,0.0
281.91796875,-37.109375,-41.015625,-38.57421875,-36.62109375,-32.71484375,0.0
281.921875,-19.53125,-41.50390625,-40.52734375,-35.15625,-82.51953125,0.0
281.92578125,-16.11328125,-25.390625,-31.73828125,-20.5078125,-64.453125,0.0
281.9296875,-22.94921875,-25.87890625,-29.296875,-22.94921875,-62.01171875,0.0
281.93359375,-33.203125,-32.2265625,-39.55078125,-19.04296875,-108.3984375,0.0
281.9375,-17.578125,-37.59765625,-44.921875,-21.97265625,-116.69921875,0.0
281.94140625,-8.7890625,-49.31640625,-35.15625,-31.73828125,-85.9375,0.0
281.9453125,-13.671875,-46.38671875,-32.71484375,-39.55078125,-52.734375,0.0
281.94921875,-21.97265625,-33.203125,-34.1796875,-48.828125,-71.77734375,0.0
281.953125,-31.73828125,-24.4140625,-29.78515625,-28.3203125,-58.10546875,0.0
281.95703125,-27.83203125,-26.3671875,-29.296875,-21.484375,-27.34375,0.0
281.9609375,-6.34765625,-23.92578125,-20.01953125,-33.69140625,6.8359375,0.0
281.96484375,2.9296875,-22.94921875,-16.11328125,-36.1328125,-7.32421875,0.0
281.96875,-23.92578125,-26.3671875,-29.78515625,-41.015625,-61.03515625,0.0
281.97265625,-42.48046875,-26.3671875,-32.2265625,-40.0390625,-30.76171875,0.0
281.9765625,-25.390625,-23.92578125,-30.76171875,-23.92578125,-19.04296875,0.0
281.98046875,-14.16015625,-32.71484375,-38.57421875,-26.3671875,-75.68359375,0.0
281.984375,-20.99609375,-36.1328125,-32.71484375,-36.1328125,-85.9375,0.0
281.98828125,-19.04296875,-29.78515625,-20.5078125,-37.59765625,-118.1640625,0.0
281.9921875,-24.4140625,-31.73828125,-21.484375,-21.97265625,-128.90625,0.0
281.99609375,-27.34375,-32.71484375,-35.15625,-32.71484375,-105.95703125,0.0
282.0,-36.1328125,-38.0859375,-35.64453125,-52.24609375,-146.97265625,0.0
282.00390625,-37.109375,-44.921875,-29.296875,-43.45703125,-182.12890625,0.0
282.0078125,-8.30078125,-33.69140625,-32.2265625,-39.55078125,-99.609375,0.0
282.01171875,-25.390625,-27.34375,-33.203125,-41.015625,-95.21484375,0.0
282.015625,-40.52734375,-26.85546875,-33.203125,-36.62109375,-119.62890625,0.0
282.01953125,-26.3671875,-25.87890625,-29.78515625,-39.55078125,-133.30078125,0.0
282.0234375,-20.01953125,-26.85546875,-25.87890625,-40.0390625,-126.46484375,0.0
282.02734375,-26.85546875,-38.0859375,-31.25,-43.9453125,-105.46875,0.0
282.03125,-37.109375,-38.0859375,-43.45703125,-41.9921875,-119.62890625,0.0
282.03515625,-38.57421875,-29.296875,-34.66796875,-38.0859375,-106.4453125,0.0
282.0390625,-41.015625,-40.0390625,-20.5078125,-30.76171875,-68.84765625,0.0
282.04296875,-28.80859375,-41.015625,-38.0859375,-31.25,40.52734375,0.0
282.046875,-39.0625,-32.71484375,-41.9921875,-43.9453125,108.3984375,0.0
282.05078125,-47.36328125,-35.64453125,-37.109375,-38.57421875,85.9375,0.0
282.0546875,-35.64453125,-36.62109375,-41.015625,-33.203125,87.40234375,0.0
282.05859375,-28.3203125,-29.78515625,-36.62109375,-41.015625,71.77734375,0.0
282.0625,-26.3671875,-31.25,-32.71484375,-41.9921875,0.9765625,0.0
282.06640625,-19.04296875,-32.2265625,-26.85546875,-36.62109375,30.2734375,0.0
282.0703125,-19.04296875,-31.25,-24.90234375,-26.3671875,45.8984375,0.0
282.07421875,-26.3671875,-30.76171875,-33.203125,-23.92578125,-82.03125,0.0
282.078125,-46.875,-31.73828125,-31.25,-27.83203125,-80.56640625,0.0
282.08203125,-45.41015625,-35.15625,-18.06640625,-23.4375,-11.23046875,0.0
282.0859375,-45.8984375,-36.1328125,-25.87890625,-24.4140625,-40.52734375,0.0
282.08984375,-49.8046875,-28.80859375,-35.64453125,-30.76171875,-18.06640625,0.0
282.09375,-41.50390625,-33.203125,-30.2734375,-25.390625,20.99609375,0.0
282.09765625,-29.296875,-36.62109375,-23.4375,-19.04296875,33.69140625,0.0
282.1015625,-27.34375,-34.66796875,-28.3203125,-29.296875,-32.2265625,0.0
282.10546875,-20.01953125,-30.2734375,-34.1796875,-26.3671875,-53.7109375,0.0
282.109375,-16.11328125,-29.296875,-27.34375,-21.97265625,63.4765625,0.0
282.11328125,-34.66796875,-30.76171875,-28.3203125,-27.83203125,139.6484375,0.0
282.1171875,-46.38671875,-29.78515625,-36.62109375,-30.76171875,84.47265625,0.0
282.12109375,-40.52734375,-32.2265625,-42.96875,-32.2265625,-11.71875,0.0
282.125,-29.296875,-35.15625,-36.1328125,-34.1796875,-53.22265625,0.0
282.12890625,-35.64453125,-47.36328125,-21.97265625,-28.80859375,-45.8984375,0.0
282.1328125,-24.90234375,-43.45703125,-27.34375,-11.71875,-19.04296875,0.0
282.13671875,-34.66796875,-23.92578125,-30.76171875,-16.11328125,24.4140625,0.0
282.140625,-32.71484375,-20.5078125,-22.4609375,-13.18359375,60.05859375,0.0
282.14453125,-23.92578125,-27.34375,-38.57421875,-23.92578125,-17.08984375,0.0
282.1484375,-34.66796875,-28.3203125,-46.38671875,-19.53125,-55.6640625,0.0
282.15234375,-32.71484375,-29.78515625,-28.80859375,-2.44140625,0.9765625,0.0
282.15625,-42.96875,-31.25,-18.5546875,-28.80859375,25.87890625,0.0
282.16015625,-42.48046875,-31.73828125,-24.90234375,-27.34375,29.296875,0.0
282.1640625,-33.203125,-38.57421875,-37.109375,-17.08984375,-41.9921875,0.0
282.16796875,-39.0625,-33.69140625,-36.62109375,-30.76171875,-13.671875,0.0
282.171875,-31.25,-31.25,-24.90234375,-26.3671875,-68.359375,0.0
282.17578125,-43.45703125,-40.0390625,-28.80859375,-21.97265625,-42.96875,0.0
282.1796875,-25.390625,-37.59765625,-31.73828125,-31.25,76.171875,0.0
282.18359375,-13.18359375,-30.2734375,-24.4140625,-30.76171875,46.38671875,0.0
282.1875,-46.875,-29.78515625,-24.4140625,-29.296875,-15.13671875,0.0
282.19140625,-29.296875,-29.78515625,-35.15625,-35.64453125,-81.54296875,0.0
282.1953125,-20.01953125,-29.78515625,-41.9921875,-26.3671875,-104.98046875,0.0
282.19921875,-39.55078125,-34.1796875,-35.64453125,-11.71875,-76.66015625,0.0
282.203125,-37.109375,-36.62109375,-21.484375,-26.3671875,-27.83203125,0.0
282.20703125,-41.50390625,-29.296875,-25.87890625,-37.109375,39.0625,0.0
282.2109375,-60.05859375,-31.73828125,-32.71484375,-30.2734375,-23.92578125,0.0
282.21484375,-60.05859375,-40.0390625,-28.80859375,-32.71484375,-95.703125,0.0
282.21875,-49.31640625,-42.96875,-25.87890625,-31.25,-77.63671875,0.0
282.22265625,-37.59765625,-36.1328125,-37.109375,-31.73828125,-39.55078125,0.0
282.2265625,-21.97265625,-27.34375,-39.55078125,-45.8984375,1.46484375,0.0
282.23046875,-41.9921875,-34.66796875,-30.76171875,-39.55078125,21.484375,0.0
282.234375,-51.26953125,-37.109375,-36.1328125,-34.1796875,-29.296875,0.0
282.23828125,-38.0859375,-28.3203125,-43.9453125,-35.15625,-35.15625,0.0
282.2421875,-37.109375,-26.3671875,-41.9921875,-27.83203125,5.37109375,0.0
282.24609375,-42.96875,-28.3203125,-39.0625,-23.92578125,22.94921875,0.0
282.25,-42.96875,-27.83203125,-33.203125,-25.87890625,35.64453125,0.0
282.25390625,-33.69140625,-29.296875,-32.2265625,-25.390625,-5.37109375,0.0
282.2578125,-44.43359375,-29.296875,-30.2734375,-22.94921875,-74.21875,0.0
282.26171875,-41.50390625,-29.296875,-10.7421875,-40.0390625,-53.7109375,0.0
282.265625,-28.80859375,-31.25,-15.625,-49.8046875,20.01953125,0.0
282.26953125,-36.1328125,-28.3203125,-26.85546875,-25.390625,-22.94921875,0.0
282.2734375,-31.73828125,-26.85546875,-25.87890625,-18.5546875,-46.875,0.0
282.27734375,-24.90234375,-24.90234375,-31.73828125,-28.80859375,4.39453125,0.0
282.28125,-34.1796875,-25.390625,-35.64453125,-32.71484375,-100.09765625,0.0
282.28515625,-32.71484375,-31.73828125,-36.62109375,-46.38671875,-177.24609375,0.0
282.2890625,-49.8046875,-39.55078125,-33.69140625,-34.1796875,-150.87890625,0.0
282.29296875,-62.01171875,-40.52734375,-31.73828125,-29.78515625,-127.44140625,0.0
282.296875,-46.38671875,-37.109375,-31.73828125,-41.9921875,-145.5078125,0.0
282.30078125,-34.66796875,-30.76171875,-34.1796875,-26.85546875,-109.86328125,0.0
282.3046875,-22.4609375,-21.97265625,-20.01953125,-24.90234375,-12.6953125,0.0
282.30859375,-20.99609375,-24.90234375,-7.8125,-22.4609375,47.8515625,0.0
282.3125,-29.296875,-33.69140625,-24.4140625,-2.44140625,80.56640625,0.0
282.31640625,-39.0625,-40.52734375,-36.1328125,-3.90625,75.68359375,0.0
282.3203125,-39.55078125,-39.0625,-17.578125,-26.3671875,-27.34375,0.0
282.32421875,-39.0625,-38.57421875,-11.23046875,-31.73828125,-59.5703125,0.0
282.328125,-31.25,-30.2734375,-27.83203125,-30.76171875,-59.08203125,0.0
282.33203125,-35.64453125,-22.4609375,-34.66796875,-20.01953125,-103.02734375,0.0
282.3359375,-43.45703125,-24.4140625,-35.15625,-22.94921875,-33.203125,0.0
282.33984375,-32.2265625,-26.85546875,-32.71484375,-30.2734375,-8.30078125,0.0
282.34375,-21.484375,-31.25,-32.2265625,-20.99609375,-20.01953125,0.0
282.34765625,-21.484375,-28.80859375,-32.2265625,-23.92578125,63.4765625,0.0
282.3515625,-40.0390625,-28.3203125,-30.76171875,-35.15625,-1.953125,0.0
282.35546875,-29.78515625,-34.1796875,-28.80859375,-35.64453125,-144.04296875,0.0
282.359375,-13.671875,-27.34375,-35.15625,-42.96875,-68.84765625,0.0
282.36328125,-28.80859375,-27.83203125,-42.48046875,-46.875,-17.578125,0.0
282.3671875,-20.99609375,-35.15625,-31.73828125,-46.38671875,-13.671875,0.0
282.37109375,-26.3671875,-34.1796875,-30.2734375,-32.71484375,60.05859375,0.0
282.375,-31.73828125,-27.34375,-36.62109375,-17.08984375,63.4765625,0.0
282.37890625,-28.80859375,-33.69140625,-33.203125,-25.390625,-11.23046875,0.0
282.3828125,-44.43359375,-46.38671875,-24.90234375,-28.80859375,-41.50390625,0.0
282.38671875,-39.55078125,-38.57421875,-21.97265625,-30.76171875,-17.578125,0.0
282.390625,-30.76171875,-29.296875,-24.4140625,-34.66796875,-28.80859375,0.0
282.39453125,-38.57421875,-32.71484375,-25.87890625,-24.4140625,18.06640625,0.0
282.3984375,-35.64453125,-35.64453125,-29.78515625,-7.8125,18.5546875,0.0
282.40234375,-12.20703125,-35.15625,-34.1796875,-16.11328125,-4.8828125,0.0
282.40625,-18.5546875,-31.73828125,-36.1328125,-22.94921875,-41.50390625,0.0
282.41015625,-24.4140625,-28.3203125,-17.08984375,-17.08984375,-35.15625,0.0
282.4140625,-33.69140625,-31.73828125,5.37109375,-20.5078125,0.48828125,0.0
282.41796875,-44.921875,-34.1796875,-9.765625,-31.25,-19.04296875,0.0
282.421875,-32.2265625,-39.0625,-23.92578125,-31.73828125,-26.3671875,0.0
282.42578125,-18.5546875,-36.1328125,-27.34375,-28.3203125,-22.94921875,0.0
282.4296875,-33.69140625,-32.2265625,-28.80859375,-26.3671875,-34.66796875,0.0
282.43359375,-33.203125,-38.57421875,-28.3203125,-27.34375,15.625,0.0
282.4375,-23.92578125,-32.71484375,-26.85546875,-29.296875,10.7421875,0.0
282.44140625,-21.97265625,-34.66796875,-23.4375,-31.25,-24.90234375,0.0
282.4453125,-2.9296875,-31.25,-25.87890625,-19.53125,-57.6171875,0.0
282.44921875,-9.27734375,-21.484375,-30.2734375,-11.71875,-86.42578125,0.0
282.453125,-0.48828125,-26.3671875,-32.71484375,-17.578125,-71.2890625,0.0
282.45703125,9.765625,-32.2265625,-28.3203125,-16.11328125,-103.515625,0.0
282.4609375,1.953125,-29.78515625,-27.34375,-20.01953125,-44.921875,0.0
282.46484375,-10.25390625,-33.203125,-27.34375,-25.390625,-4.39453125,0.0
282.46875,-20.01953125,-37.109375,-24.90234375,-24.4140625,-46.875,0.0
282.47265625,-30.76171875,-35.64453125,-28.80859375,-26.85546875,-37.59765625,0.0
282.4765625,-42.48046875,-33.203125,-25.87890625,-20.01953125,25.87890625,0.0
282.48046875,-18.06640625,-26.3671875,-22.4609375,-16.6015625,26.85546875,0.0
282.484375,-22.94921875,-28.80859375,-26.85546875,-25.87890625,-64.94140625,0.0
282.48828125,-40.52734375,-31.73828125,-30.2734375,-25.87890625,-65.4296875,0.0
282.4921875,-46.38671875,-29.296875,-27.34375,-20.01953125,1.953125,0.0
282.49609375,-58.10546875,-31.73828125,-28.3203125,-6.34765625,-17.578125,0.0
282.5,-29.78515625,-31.73828125,-11.71875,-8.30078125,-4.39453125,0.0
282.50390625,-18.06640625,-41.9921875,7.8125,-23.92578125,-41.50390625,0.0
282.5078125,-32.2265625,-44.921875,-13.18359375,-10.7421875,-57.12890625,0.0
282.51171875,-34.1796875,-33.69140625,-27.83203125,4.39453125,36.62109375,0.0
282.515625,-33.69140625,-31.25,-37.59765625,-13.671875,18.5546875,0.0
282.51953125,-28.80859375,-38.57421875,-46.875,-30.2734375,-62.5,0.0
282.5234375,-26.3671875,-30.76171875,-42.96875,-39.0625,-115.234375,0.0
282.52734375,-20.5078125,-23.4375,-30.2734375,-32.2265625,-38.57421875,0.0
282.53125,-32.2265625,-21.97265625,-16.6015625,-26.85546875,41.9921875,0.0
282.53515625,-31.73828125,-23.4375,-22.4609375,-27.83203125,-22.94921875,0.0
282.5390625,-4.39453125,-27.83203125,-29.296875,-15.625,-18.5546875,0.0
282.54296875,-14.6484375,-33.69140625,-31.73828125,-24.4140625,-14.6484375,0.0
282.546875,-19.53125,-39.0625,-18.06640625,-31.25,-69.82421875,0.0
282.55078125,-28.80859375,-30.76171875,-18.5546875,-22.4609375,-3.41796875,0.0
282.5546875,-29.296875,-32.2265625,-31.73828125,-20.01953125,51.26953125,0.0
282.55859375,-18.5546875,-45.41015625,-36.1328125,-16.6015625,-5.37109375,0.0
282.5625,-32.71484375,-39.0625,-33.203125,-31.25,-51.26953125,0.0
282.56640625,-41.9921875,-33.203125,-31.73828125,-47.8515625,-56.640625,0.0
282.5703125,-39.0625,-41.9921875,-32.71484375,-32.71484375,-8.30078125,0.0
282.57421875,-31.25,-34.1796875,-32.2265625,-26.3671875,-19.53125,0.0
282.578125,-33.69140625,-19.53125,-35.64453125,-35.15625,-26.3671875,0.0
282.58203125,-31.25,-15.625,-35.64453125,-31.73828125,-10.25390625,0.0
282.5859375,-6.34765625,-24.90234375,-42.96875,-25.87890625,5.37109375,0.0
282.58984375,-17.578125,-27.83203125,-37.109375,-32.2265625,-45.41015625,0.0
282.59375,-51.26953125,-21.484375,-11.23046875,-31.25,-59.5703125,0.0
282.59765625,-47.8515625,-29.296875,-17.08984375,-36.62109375,-61.5234375,0.0
282.6015625,-44.921875,-36.62109375,-35.64453125,-44.921875,-67.3828125,0.0
282.60546875,-35.15625,-35.15625,-36.1328125,-34.66796875,-43.9453125,0.0
282.609375,-39.0625,-31.73828125,-31.73828125,-33.69140625,-69.3359375,0.0
282.61328125,-40.52734375,-31.25,-30.2734375,-37.109375,-108.3984375,0.0
282.6171875,-27.83203125,-26.3671875,-30.2734375,-33.203125,-98.6328125,0.0
282.62109375,-23.92578125,-28.3203125,-37.109375,-31.73828125,-46.875,0.0
282.625,-32.71484375,-32.2265625,-40.0390625,-42.48046875,-22.4609375,0.0
282.62890625,-50.78125,-29.296875,-42.48046875,-43.9453125,-84.9609375,0.0
282.6328125,-34.1796875,-28.80859375,-41.50390625,-29.296875,-98.14453125,0.0
282.63671875,-17.578125,-31.73828125,-21.484375,-35.64453125,-68.359375,0.0
282.640625,-35.64453125,-35.15625,-24.90234375,-50.29296875,-50.78125,0.0
282.64453125,-35.15625,-38.0859375,-36.1328125,-42.96875,-48.33984375,0.0
282.6484375,-33.203125,-36.1328125,-30.2734375,-36.1328125,-18.06640625,0.0
282.65234375,-38.0859375,-31.73828125,-20.99609375,-31.25,14.16015625,0.0
282.65625,-19.04296875,-36.62109375,-30.2734375,-28.80859375,-29.78515625,0.0
282.66015625,-18.5546875,-36.1328125,-45.8984375,-40.52734375,-63.4765625,0.0
282.6640625,-21.484375,-34.1796875,-46.38671875,-43.9453125,-18.5546875,0.0
282.66796875,-22.94921875,-31.73828125,-32.2265625,-39.0625,28.80859375,0.0
282.671875,-33.203125,-26.3671875,-29.78515625,-34.1796875,3.41796875,0.0
282.67578125,-40.0390625,-33.69140625,-43.45703125,-28.80859375,-53.7109375,0.0
282.6796875,-39.55078125,-34.66796875,-41.50390625,-32.71484375,-157.2265625,0.0
282.68359375,-28.80859375,-33.203125,-28.80859375,-40.52734375,-201.66015625,0.0
282.6875,-25.87890625,-34.66796875,-27.34375,-41.9921875,-168.45703125,0.0
282.69140625,-41.015625,-36.1328125,-29.78515625,-39.55078125,-193.359375,0.0
282.6953125,-38.0859375,-37.59765625,-20.01953125,-36.1328125,-144.53125,0.0
282.69921875,-15.13671875,-32.2265625,-13.671875,-32.2265625,-115.234375,0.0
282.703125,-18.5546875,-29.78515625,-39.0625,-31.73828125,-66.89453125,0.0
282.70703125,-18.06640625,-36.1328125,-45.41015625,-28.80859375,-71.77734375,0.0
282.7109375,-26.3671875,-33.69140625,-30.2734375,-22.94921875,-131.8359375,0.0
282.71484375,-40.52734375,-36.1328125,-28.80859375,-29.296875,-120.60546875,0.0
282.71875,-19.04296875,-32.71484375,-30.2734375,-35.15625,-6.8359375,0.0
282.72265625,-18.06640625,-27.34375,-31.73828125,-48.33984375,-4.39453125,0.0
282.7265625,-39.55078125,-32.2265625,-33.69140625,-54.6875,-47.36328125,0.0
282.73046875,-44.921875,-30.76171875,-33.203125,-47.8515625,-14.16015625,0.0
282.734375,-45.8984375,-36.62109375,-34.1796875,-33.69140625,-54.6875,0.0
282.73828125,-42.96875,-37.59765625,-29.296875,-35.15625,-172.36328125,0.0
282.7421875,-33.69140625,-40.0390625,-30.76171875,-35.15625,-138.671875,0.0
282.74609375,-38.0859375,-41.50390625,-41.50390625,-38.0859375,8.7890625,0.0
282.75,-41.50390625,-33.69140625,-36.1328125,-34.66796875,31.25,0.0
282.75390625,-37.59765625,-34.66796875,-28.80859375,-31.25,52.734375,0.0
282.7578125,-38.57421875,-35.15625,-20.5078125,-40.52734375,25.87890625,0.0
282.76171875,-38.0859375,-38.57421875,-26.85546875,-38.57421875,23.4375,0.0
282.765625,-39.0625,-44.43359375,-33.69140625,-33.69140625,93.26171875,0.0
282.76953125,-34.1796875,-43.45703125,-36.1328125,-32.2265625,49.31640625,0.0
282.7734375,-14.6484375,-41.015625,-41.50390625,-18.06640625,-0.9765625,0.0
282.77734375,-12.6953125,-34.1796875,-41.50390625,-31.73828125,40.52734375,0.0
282.78125,-23.4375,-28.3203125,-41.9921875,-42.96875,-2.9296875,0.0
282.78515625,-27.34375,-26.85546875,-32.2265625,-24.90234375,-56.640625,0.0
282.7890625,-30.76171875,-25.390625,-10.25390625,-19.53125,-43.45703125,0.0
282.79296875,-44.921875,-28.3203125,-23.4375,-23.4375,82.03125,0.0
282.796875,-39.55078125,-34.1796875,-37.109375,-16.11328125,89.84375,0.0
282.80078125,-34.1796875,-38.0859375,-28.3203125,-34.1796875,-5.37109375,0.0
282.8046875,-38.0859375,-37.59765625,-23.92578125,-51.7578125,81.0546875,0.0
282.80859375,-31.73828125,-32.71484375,-29.296875,-39.55078125,169.921875,0.0
282.8125,-34.66796875,-32.71484375,-31.25,-32.71484375,145.99609375,0.0
282.81640625,-42.96875,-35.64453125,-23.92578125,-20.01953125,51.7578125,0.0
282.8203125,-35.15625,-31.25,-26.85546875,-25.87890625,-34.66796875,0.0
282.82421875,-32.71484375,-27.34375,-35.15625,-46.875,-71.2890625,0.0
282.828125,-47.8515625,-37.59765625,-32.2265625,-46.875,30.76171875,0.0
282.83203125,-47.8515625,-44.921875,-26.3671875,-33.69140625,40.0390625,0.0
282.8359375,-55.17578125,-42.48046875,-42.48046875,-41.015625,-29.296875,0.0
282.83984375,-59.08203125,-34.66796875,-43.9453125,-43.9453125,-33.69140625,0.0
282.84375,-26.3671875,-33.69140625,-29.296875,-41.015625,-54.19921875,0.0
282.84765625,-15.13671875,-39.55078125,-28.3203125,-40.52734375,-93.75,0.0
282.8515625,-23.4375,-36.1328125,-30.2734375,-34.1796875,-131.8359375,0.0
282.85546875,-34.66796875,-30.76171875,-34.66796875,-27.83203125,-58.10546875,0.0
282.859375,-32.2265625,-34.66796875,-35.64453125,-34.66796875,-60.546875,0.0
282.86328125,-34.66796875,-41.50390625,-28.3203125,-39.55078125,-100.5859375,0.0
282.8671875,-49.31640625,-35.15625,-28.80859375,-27.34375,-87.40234375,0.0
282.87109375,-45.8984375,-32.2265625,-32.2265625,-14.6484375,-21.97265625,0.0
282.875,-41.50390625,-33.203125,-29.296875,-30.2734375,25.87890625,0.0
282.87890625,-40.52734375,-31.73828125,-22.4609375,-37.109375,-21.97265625,0.0
282.8828125,-26.85546875,-29.78515625,-38.57421875,-34.66796875,-91.30859375,0.0
282.88671875,-24.4140625,-29.296875,-41.50390625,-37.59765625,-223.14453125,0.0
282.890625,-27.83203125,-33.203125,-27.83203125,-28.80859375,-222.65625,0.0
282.89453125,-31.25,-31.25,-23.4375,-25.390625,-116.2109375,0.0
282.8984375,-41.50390625,-33.203125,-29.78515625,-24.4140625,-98.6328125,0.0
282.90234375,-32.71484375,-36.62109375,-40.0390625,-29.296875,-179.6875,0.0
282.90625,-30.76171875,-34.1796875,-33.69140625,-35.64453125,-118.1640625,0.0
282.91015625,-35.64453125,-31.73828125,-24.4140625,-23.92578125,27.83203125,0.0
282.9140625,-29.78515625,-26.85546875,-22.4609375,-18.06640625,7.32421875,0.0
282.91796875,-25.87890625,-28.3203125,-21.97265625,-26.3671875,-27.83203125,0.0
282.921875,-31.25,-33.69140625,-17.578125,-31.73828125,-77.1484375,0.0
282.92578125,-36.1328125,-32.2265625,-21.484375,-32.2265625,-41.50390625,0.0
282.9296875,-36.1328125,-24.90234375,-26.3671875,-27.34375,36.1328125,0.0
282.93359375,-37.109375,-27.34375,-29.78515625,-23.92578125,-0.48828125,0.0
282.9375,-33.69140625,-28.3203125,-28.3203125,-21.484375,49.31640625,0.0
282.94140625,-34.66796875,-23.92578125,-35.64453125,-30.76171875,67.3828125,0.0
282.9453125,-26.85546875,-22.4609375,-37.59765625,-39.0625,12.6953125,0.0
282.94921875,-26.85546875,-31.25,-20.5078125,-37.109375,19.53125,0.0
282.953125,-25.390625,-32.2265625,-17.578125,-25.87890625,30.2734375,0.0
282.95703125,-24.90234375,-25.87890625,-28.80859375,-29.78515625,-11.71875,0.0
282.9609375,-20.5078125,-25.87890625,-27.83203125,-41.9921875,-11.71875,0.0
282.96484375,-28.3203125,-25.390625,-20.01953125,-39.55078125,-60.05859375,0.0
282.96875,-31.73828125,-20.99609375,-9.27734375,-32.2265625,-45.41015625,0.0
282.97265625,-36.1328125,-23.92578125,-14.6484375,-27.34375,37.109375,0.0
282.9765625,-53.22265625,-28.3203125,-27.83203125,-34.66796875,67.3828125,0.0
282.98046875,-36.62109375,-24.90234375,-28.80859375,-43.45703125,22.4609375,0.0
282.984375,-9.27734375,-19.53125,-33.203125,-32.71484375,12.6953125,0.0
282.98828125,-12.6953125,-24.4140625,-37.59765625,-33.203125,-26.85546875,0.0
282.9921875,-30.2734375,-31.25,-37.109375,-44.43359375,-101.5625,0.0
282.99609375,-42.96875,-33.203125,-34.66796875,-43.9453125,-68.359375,0.0
283.0,-46.875,-33.203125,-37.59765625,-47.36328125,-54.19921875,0.0
283.00390625,-37.109375,-28.3203125,-39.55078125,-59.08203125,-106.4453125,0.0
283.0078125,-29.296875,-23.4375,-29.78515625,-49.31640625,-54.6875,0.0
283.01171875,-41.015625,-25.390625,-16.11328125,-38.0859375,-41.9921875,0.0
283.015625,-39.0625,-27.83203125,-26.3671875,-42.96875,-44.921875,0.0
283.01953125,-36.62109375,-35.15625,-38.0859375,-44.921875,-13.671875,0.0
283.0234375,-37.109375,-37.59765625,-34.66796875,-51.7578125,-102.05078125,0.0
283.02734375,-39.55078125,-33.69140625,-32.2265625,-45.8984375,-62.01171875,0.0
283.03125,-26.85546875,-30.2734375,-33.203125,-39.0625,-8.7890625,0.0
283.03515625,-24.90234375,-32.2265625,-30.76171875,-35.64453125,6.34765625,0.0
283.0390625,-27.34375,-36.62109375,-27.83203125,-36.1328125,1.953125,0.0
283.04296875,-26.3671875,-41.9921875,-34.1796875,-46.38671875,-104.00390625,0.0
283.046875,-31.73828125,-40.52734375,-40.0390625,-39.55078125,-113.28125,0.0
283.05078125,-43.9453125,-37.109375,-42.48046875,-37.59765625,-18.5546875,0.0
283.0546875,-48.33984375,-32.2265625,-39.0625,-34.1796875,-63.96484375,0.0
283.05859375,-33.203125,-24.4140625,-30.2734375,-24.90234375,-55.17578125,0.0
283.0625,-31.73828125,-26.85546875,-33.69140625,-26.3671875,23.92578125,0.0
283.06640625,-29.78515625,-30.2734375,-38.0859375,-30.2734375,18.06640625,0.0
283.0703125,-23.92578125,-31.25,-22.94921875,-41.015625,-2.9296875,0.0
283.07421875,-37.59765625,-39.0625,-21.97265625,-47.8515625,-35.64453125,0.0
283.078125,-42.48046875,-38.57421875,-37.59765625,-47.8515625,22.94921875,0.0
283.08203125,-48.33984375,-36.62109375,-32.2265625,-59.5703125,19.04296875,0.0
283.0859375,-41.015625,-40.0390625,-15.625,-63.96484375,-82.51953125,0.0
283.08984375,-30.76171875,-34.1796875,-21.97265625,-48.828125,-57.12890625,0.0
283.09375,-47.8515625,-31.25,-40.52734375,-30.2734375,14.6484375,0.0
283.09765625,-41.9921875,-32.2265625,-42.48046875,-23.92578125,10.25390625,0.0
283.1015625,-45.8984375,-31.25,-38.0859375,-36.1328125,-34.66796875,0.0
283.10546875,-36.1328125,-27.34375,-27.83203125,-42.96875,-15.625,0.0
283.109375,-27.34375,-31.73828125,-23.4375,-35.15625,69.82421875,0.0
283.11328125,-40.0390625,-41.9921875,-29.78515625,-31.73828125,4.39453125,0.0
283.1171875,-41.9921875,-34.66796875,-24.90234375,-22.94921875,-14.6484375,0.0
283.12109375,-46.875,-28.3203125,-31.25,-25.390625,-6.34765625,0.0
283.125,-37.109375,-32.2265625,-33.203125,-27.83203125,-50.78125,0.0
283.12890625,-27.83203125,-32.2265625,-25.87890625,-16.11328125,7.32421875,0.0
283.1328125,-38.0859375,-31.25,-27.83203125,-34.1796875,99.609375,0.0
283.13671875,-54.19921875,-35.64453125,-38.0859375,-51.7578125,46.875,0.0
283.140625,-55.6640625,-33.69140625,-40.0390625,-36.1328125,6.34765625,0.0
283.14453125,-34.66796875,-31.73828125,-28.80859375,-39.55078125,46.875,0.0
283.1484375,-34.66796875,-34.1796875,-25.390625,-43.9453125,-58.10546875,0.0
283.15234375,-38.0859375,-24.90234375,-27.34375,-30.2734375,-74.70703125,0.0
283.15625,-31.73828125,-24.4140625,-25.87890625,-21.484375,34.1796875,0.0
283.16015625,-28.80859375,-30.2734375,-21.97265625,-30.2734375,-48.828125,0.0
283.1640625,-18.06640625,-39.0625,-17.08984375,-37.59765625,-117.67578125,0.0
283.16796875,-14.16015625,-42.96875,-32.2265625,-36.62109375,-117.1875,0.0
283.171875,-12.6953125,-32.71484375,-36.62109375,-29.78515625,-110.83984375,0.0
283.17578125,-23.92578125,-27.83203125,-31.25,-28.3203125,-14.6484375,0.0
283.1796875,-34.66796875,-26.85546875,-31.73828125,-35.15625,-30.76171875,0.0
283.18359375,-41.9921875,-27.83203125,-32.2265625,-45.8984375,-55.6640625,0.0
283.1875,-38.0859375,-30.76171875,-31.25,-42.96875,-53.7109375,0.0
283.19140625,-37.59765625,-30.76171875,-37.59765625,-29.78515625,-80.56640625,0.0
283.1953125,-52.24609375,-36.62109375,-44.921875,-27.83203125,-39.0625,0.0
283.19921875,-42.48046875,-34.66796875,-34.66796875,-17.08984375,-9.765625,0.0
283.203125,-27.83203125,-27.83203125,-24.4140625,-24.4140625,-45.8984375,0.0
283.20703125,-30.2734375,-34.66796875,-15.13671875,-33.203125,-104.4921875,0.0
283.2109375,-46.38671875,-37.59765625,-19.04296875,-24.4140625,-73.73046875,0.0
283.21484375,-47.8515625,-40.0390625,-26.3671875,-34.1796875,-23.92578125,0.0
283.21875,-41.50390625,-37.59765625,-28.80859375,-45.8984375,-43.9453125,0.0
283.22265625,-43.45703125,-31.73828125,-28.3203125,-37.59765625,9.765625,0.0
283.2265625,-43.45703125,-34.1796875,-30.76171875,-36.62109375,19.04296875,0.0
283.23046875,-47.8515625,-30.76171875,-41.015625,-47.8515625,-21.97265625,0.0
283.234375,-40.0390625,-32.71484375,-35.64453125,-42.96875,35.64453125,0.0
283.23828125,-28.80859375,-38.0859375,-29.78515625,-41.015625,2.9296875,0.0
283.2421875,-28.3203125,-38.57421875,-37.109375,-46.875,-75.1953125,0.0
283.24609375,-38.0859375,-34.66796875,-30.76171875,-39.55078125,-31.73828125,0.0
283.25,-38.57421875,-30.2734375,-17.08984375,-39.55078125,14.16015625,0.0
283.25390625,-31.73828125,-27.83203125,-0.9765625,-36.1328125,-25.390625,0.0
283.2578125,-26.3671875,-27.34375,-10.7421875,-28.3203125,-31.25,0.0
283.26171875,-27.34375,-27.34375,-28.80859375,-35.15625,-20.01953125,0.0
283.265625,-34.66796875,-27.83203125,-26.85546875,-46.38671875,-41.50390625,0.0
283.26953125,-36.62109375,-32.2265625,-32.71484375,-42.48046875,2.9296875,0.0
283.2734375,-32.2265625,-37.109375,-42.48046875,-42.48046875,26.85546875,0.0
283.27734375,-17.08984375,-39.55078125,-46.38671875,-45.8984375,-61.5234375,0.0
283.28125,-22.94921875,-35.15625,-46.875,-51.7578125,-120.60546875,0.0
283.28515625,-22.4609375,-29.78515625,-45.41015625,-56.15234375,-123.046875,0.0
283.2890625,-20.5078125,-30.76171875,-41.9921875,-41.50390625,-106.4453125,0.0
283.29296875,-33.203125,-27.34375,-43.45703125,-36.1328125,-93.75,0.0
283.296875,-39.0625,-28.80859375,-24.4140625,-40.52734375,-89.35546875,0.0
283.30078125,-34.1796875,-28.80859375,-21.484375,-37.59765625,-58.10546875,0.0
283.3046875,-34.1796875,-27.34375,-31.73828125,-46.38671875,-38.0859375,0.0
283.30859375,-26.3671875,-30.2734375,-23.4375,-45.8984375,-95.703125,0.0
283.3125,-13.18359375,-29.78515625,-20.5078125,-31.25,-59.08203125,0.0
283.31640625,-16.11328125,-28.80859375,-29.78515625,-38.57421875,-4.8828125,0.0
283.3203125,-28.80859375,-24.4140625,-36.62109375,-39.0625,13.18359375,0.0
283.32421875,-18.5546875,-24.90234375,-34.1796875,-37.109375,44.43359375,0.0
283.328125,-20.01953125,-31.73828125,-28.3203125,-41.50390625,48.33984375,0.0
283.33203125,-28.3203125,-30.76171875,-29.296875,-41.9921875,19.53125,0.0
283.3359375,-30.2734375,-26.85546875,-33.69140625,-40.52734375,16.11328125,0.0
283.33984375,-39.0625,-34.66796875,-32.2265625,-41.50390625,15.625,0.0
283.34375,-36.1328125,-42.48046875,-34.1796875,-43.9453125,-11.23046875,0.0
283.34765625,-24.90234375,-36.1328125,-42.48046875,-43.45703125,42.96875,0.0
283.3515625,-22.4609375,-32.71484375,-36.1328125,-39.55078125,65.4296875,0.0
283.35546875,-39.55078125,-29.78515625,-26.3671875,-34.66796875,43.45703125,0.0
283.359375,-40.52734375,-28.80859375,-17.578125,-35.64453125,5.37109375,0.0
283.36328125,-13.671875,-32.2265625,-20.99609375,-38.57421875,-84.9609375,0.0
283.3671875,-14.16015625,-30.76171875,-24.4140625,-37.109375,-117.67578125,0.0
283.37109375,-35.64453125,-35.64453125,-23.92578125,-35.15625,-86.9140625,0.0
283.375,-32.2265625,-37.59765625,-33.69140625,-24.4140625,-103.02734375,0.0
283.37890625,-24.4140625,-38.0859375,-36.1328125,-22.4609375,-126.953125,0.0
283.3828125,-18.06640625,-34.66796875,-31.73828125,-23.92578125,-32.71484375,0.0
283.38671875,-18.06640625,-29.296875,-22.94921875,-16.11328125,18.06640625,0.0
283.390625,-19.53125,-39.0625,-26.85546875,-19.04296875,-60.05859375,0.0
283.39453125,-18.5546875,-36.1328125,-31.73828125,-37.109375,-24.4140625,0.0
283.3984375,-42.96875,-29.78515625,-29.296875,-41.50390625,-40.0390625,0.0
283.40234375,-25.87890625,-35.64453125,-33.203125,-39.0625,-130.859375,0.0
283.40625,-20.5078125,-38.0859375,-33.203125,-42.96875,-108.88671875,0.0
283.41015625,-37.109375,-31.73828125,-38.0859375,-39.55078125,-106.93359375,0.0
283.4140625,-29.78515625,-28.3203125,-35.15625,-36.1328125,-105.95703125,0.0
283.41796875,-29.78515625,-31.73828125,-31.25,-35.15625,-30.76171875,0.0
283.421875,-24.90234375,-36.1328125,-36.62109375,-35.64453125,-71.77734375,0.0
283.42578125,-28.3203125,-35.64453125,-43.45703125,-41.015625,-94.23828125,0.0
283.4296875,-42.96875,-33.69140625,-36.62109375,-35.15625,-73.2421875,0.0
283.43359375,-39.55078125,-34.66796875,-30.76171875,-27.83203125,-61.03515625,0.0
283.4375,-40.52734375,-35.15625,-34.66796875,-41.9921875,-39.55078125,0.0
283.44140625,-50.29296875,-41.015625,-28.3203125,-47.36328125,-17.578125,0.0
283.4453125,-38.0859375,-38.0859375,-18.5546875,-43.45703125,-63.4765625,0.0
283.44921875,-27.34375,-28.80859375,-23.92578125,-43.9453125,-130.37109375,0.0
283.453125,-45.41015625,-31.25,-35.15625,-40.0390625,-14.16015625,0.0
283.45703125,-43.45703125,-37.109375,-39.0625,-37.109375,-15.625,0.0
283.4609375,-36.62109375,-32.2265625,-43.9453125,-48.33984375,-56.15234375,0.0
283.46484375,-35.64453125,-31.25,-49.8046875,-45.41015625,-67.87109375,0.0
283.46875,-29.296875,-31.25,-42.96875,-35.64453125,-21.484375,0.0
283.47265625,-32.71484375,-29.296875,-34.66796875,-33.203125,24.90234375,0.0
283.4765625,-33.69140625,-37.59765625,-33.69140625,-30.2734375,-52.734375,0.0
283.48046875,-32.71484375,-41.9921875,-30.76171875,-28.3203125,-126.953125,0.0
283.484375,-23.4375,-36.62109375,-25.390625,-25.390625,-67.87109375,0.0
283.48828125,-28.3203125,-31.25,-20.99609375,-33.203125,-47.8515625,0.0
283.4921875,-48.828125,-31.73828125,-16.11328125,-29.296875,-51.7578125,0.0
283.49609375,-37.109375,-36.62109375,-24.90234375,-27.34375,12.20703125,0.0
283.5,-29.78515625,-33.203125,-36.62109375,-42.48046875,23.92578125,0.0
283.50390625,-29.296875,-27.83203125,-36.1328125,-43.9453125,-25.390625,0.0
283.5078125,-20.5078125,-29.78515625,-40.52734375,-26.85546875,-10.7421875,0.0
283.51171875,-30.76171875,-37.109375,-40.52734375,-9.765625,57.12890625,0.0
283.515625,-33.203125,-32.71484375,-35.15625,-18.06640625,50.78125,0.0
283.51953125,-17.08984375,-29.78515625,-20.99609375,-30.2734375,-35.15625,0.0
283.5234375,-22.94921875,-33.69140625,-12.6953125,-34.1796875,-45.41015625,0.0
283.52734375,-40.0390625,-37.59765625,-25.87890625,-27.34375,-45.8984375,0.0
283.53125,-57.6171875,-40.52734375,-39.0625,-11.71875,-14.16015625,0.0
283.53515625,-58.10546875,-43.45703125,-20.5078125,-37.59765625,-1.46484375,0.0
283.5390625,-33.203125,-45.8984375,-2.9296875,-43.9453125,-76.66015625,0.0
283.54296875,-31.25,-43.45703125,-25.87890625,-31.25,-55.17578125,0.0
283.546875,-21.484375,-37.59765625,-41.015625,-41.9921875,-50.29296875,0.0
283.55078125,-25.390625,-35.64453125,-36.62109375,-32.71484375,-53.22265625,0.0
283.5546875,-41.015625,-32.2265625,-34.66796875,-25.390625,27.34375,0.0
283.55859375,-44.43359375,-34.66796875,-27.83203125,-33.203125,50.29296875,0.0
283.5625,-26.85546875,-34.66796875,-28.80859375,-27.83203125,63.96484375,0.0
283.56640625,-15.625,-29.78515625,-42.96875,-20.99609375,63.4765625,0.0
283.5703125,-38.0859375,-29.78515625,-32.2265625,-33.69140625,3.41796875,0.0
283.57421875,-42.96875,-28.80859375,-19.04296875,-42.96875,-54.19921875,0.0
283.578125,-42.96875,-36.62109375,-28.80859375,-32.2265625,-154.78515625,0.0
283.58203125,-51.26953125,-32.2265625,-21.97265625,-29.78515625,-117.67578125,0.0
283.5859375,-45.41015625,-26.85546875,-19.53125,-47.8515625,-11.71875,0.0
283.58984375,-31.25,-28.80859375,-28.3203125,-46.38671875,1.46484375,0.0
283.59375,-28.80859375,-32.2265625,-23.4375,-29.296875,-74.21875,0.0
283.59765625,-48.33984375,-36.62109375,-22.4609375,-24.90234375,-152.34375,0.0
283.6015625,-45.41015625,-37.59765625,-27.34375,-23.92578125,-116.2109375,0.0
283.60546875,-24.90234375,-39.0625,-30.76171875,-35.64453125,-112.3046875,0.0
283.609375,-42.48046875,-35.64453125,-31.73828125,-40.0390625,-114.2578125,0.0
283.61328125,-59.08203125,-31.73828125,-32.71484375,-27.83203125,-117.67578125,0.0
283.6171875,-46.875,-28.80859375,-37.59765625,-29.296875,-90.33203125,0.0
283.62109375,-34.1796875,-29.296875,-42.96875,-34.1796875,-135.7421875,0.0
283.625,-29.296875,-26.85546875,-30.76171875,-30.2734375,-175.78125,0.0
283.62890625,-31.25,-30.76171875,-11.71875,-19.53125,-170.8984375,0.0
283.6328125,-25.87890625,-26.85546875,-26.85546875,-12.6953125,-188.96484375,0.0
283.63671875,-16.6015625,-19.04296875,-42.96875,-23.4375,-130.37109375,0.0
283.640625,-15.13671875,-27.83203125,-20.5078125,-30.2734375,-94.23828125,0.0
283.64453125,-38.57421875,-37.59765625,-16.6015625,-44.43359375,-73.2421875,0.0
283.6484375,-47.36328125,-31.73828125,-25.87890625,-55.6640625,-62.01171875,0.0
283.65234375,-41.50390625,-23.92578125,-23.4375,-40.0390625,0.0,0.0
283.65625,-58.10546875,-29.296875,-22.4609375,-34.1796875,39.0625,0.0
283.66015625,-39.0625,-29.78515625,-27.83203125,-38.57421875,25.87890625,0.0
283.6640625,-33.203125,-29.296875,-33.203125,-34.1796875,62.01171875,0.0
283.66796875,-25.87890625,-29.78515625,-32.71484375,-31.73828125,36.1328125,0.0
283.671875,-24.4140625,-27.34375,-22.94921875,-22.94921875,-19.53125,0.0
283.67578125,-20.01953125,-24.4140625,-22.94921875,-17.578125,5.859375,0.0
283.6796875,-18.06640625,-22.4609375,-24.90234375,-33.69140625,63.4765625,0.0
283.68359375,-18.06640625,-25.390625,-25.87890625,-39.0625,22.4609375,0.0
283.6875,-10.25390625,-22.4609375,-36.1328125,-29.78515625,63.96484375,0.0
283.69140625,-20.5078125,-19.53125,-35.15625,-20.99609375,108.3984375,0.0
283.6953125,-31.25,-22.4609375,-27.83203125,-29.296875,49.8046875,0.0
283.69921875,-34.1796875,-30.2734375,-30.76171875,-37.109375,12.6953125,0.0
283.703125,-41.50390625,-32.2265625,-26.3671875,-45.8984375,29.296875,0.0
283.70703125,-64.453125,-25.87890625,-35.64453125,-50.29296875,93.75,0.0
283.7109375,-47.36328125,-27.83203125,-49.31640625,-40.0390625,88.8671875,0.0
283.71484375,-44.921875,-29.78515625,-31.73828125,-31.73828125,20.5078125,0.0
283.71875,-52.24609375,-28.3203125,-21.97265625,-32.2265625,-16.11328125,0.0
283.72265625,-34.66796875,-31.25,-24.90234375,-39.55078125,-14.16015625,0.0
283.7265625,-32.71484375,-29.296875,-22.94921875,-40.0390625,33.203125,0.0
283.73046875,-42.48046875,-25.87890625,-24.90234375,-25.390625,4.8828125,0.0
283.734375,-42.96875,-32.71484375,-24.90234375,-20.01953125,-28.80859375,0.0
283.73828125,-34.66796875,-34.1796875,-28.3203125,-24.4140625,54.19921875,0.0
283.7421875,-31.25,-36.1328125,-30.76171875,-20.5078125,-28.80859375,0.0
283.74609375,-43.45703125,-37.59765625,-22.4609375,-21.484375,-97.65625,0.0
283.75,-25.390625,-24.90234375,-22.94921875,-38.0859375,-59.5703125,0.0
283.75390625,-30.76171875,-18.5546875,-35.64453125,-41.015625,-27.83203125,0.0
283.7578125,-50.29296875,-30.2734375,-40.52734375,-33.203125,-56.640625,0.0
283.76171875,-41.9921875,-30.76171875,-33.69140625,-41.50390625,-105.46875,0.0
283.765625,-29.296875,-29.78515625,-23.92578125,-39.55078125,-63.4765625,0.0
283.76953125,-35.15625,-36.62109375,-23.4375,-35.15625,-45.8984375,0.0
283.7734375,-51.26953125,-31.25,-25.390625,-29.296875,-48.33984375,0.0
283.77734375,-36.62109375,-29.296875,-29.78515625,-33.203125,-32.2265625,0.0
283.78125,-24.90234375,-43.45703125,-33.69140625,-45.8984375,-41.50390625,0.0
283.78515625,-43.9453125,-41.9921875,-39.55078125,-50.78125,-73.2421875,0.0
283.7890625,-54.6875,-32.71484375,-42.48046875,-39.0625,-120.1171875,0.0
283.79296875,-43.45703125,-33.203125,-41.50390625,-43.45703125,-155.2734375,0.0
283.796875,-38.57421875,-25.390625,-44.43359375,-61.03515625,-71.2890625,0.0
283.80078125,-33.69140625,-22.94921875,-43.45703125,-57.12890625,-26.3671875,0.0
283.8046875,-39.0625,-34.66796875,-35.15625,-49.8046875,8.7890625,0.0
283.80859375,-43.45703125,-36.62109375,-24.4140625,-47.36328125,21.97265625,0.0
283.8125,-39.0625,-29.78515625,-23.92578125,-41.50390625,-16.6015625,0.0
283.81640625,-31.25,-32.71484375,-26.3671875,-51.26953125,-0.48828125,0.0
283.8203125,-25.390625,-39.55078125,-25.390625,-64.94140625,-13.671875,0.0
283.82421875,-26.85546875,-33.69140625,-31.73828125,-48.828125,-100.09765625,0.0
283.828125,-36.1328125,-31.73828125,-39.55078125,-40.0390625,-164.55078125,0.0
283.83203125,-27.83203125,-36.1328125,-39.0625,-27.83203125,-106.93359375,0.0
283.8359375,-29.296875,-35.15625,-32.2265625,-32.2265625,-102.05078125,0.0
283.83984375,-29.296875,-31.25,-30.2734375,-41.9921875,-90.8203125,0.0
283.84375,-26.3671875,-25.390625,-30.76171875,-36.1328125,52.734375,0.0
283.84765625,-24.4140625,-25.87890625,-28.80859375,-44.921875,117.67578125,0.0
283.8515625,-36.62109375,-27.83203125,-38.57421875,-52.734375,14.6484375,0.0
283.85546875,-46.875,-30.2734375,-39.55078125,-30.2734375,-39.55078125,0.0
283.859375,-23.4375,-41.50390625,-25.390625,-29.296875,-77.1484375,0.0
283.86328125,-20.01953125,-43.45703125,-26.3671875,-42.96875,-199.21875,0.0
283.8671875,-32.2265625,-41.50390625,-51.7578125,-39.0625,-236.81640625,0.0
283.87109375,-27.83203125,-41.9921875,-46.875,-41.50390625,-59.5703125,0.0
283.875,-37.59765625,-34.66796875,-26.85546875,-35.15625,129.8828125,0.0
283.87890625,-45.8984375,-30.76171875,-30.2734375,-51.7578125,157.2265625,0.0
283.8828125,-43.9453125,-36.1328125,-38.0859375,-59.08203125,61.03515625,0.0
283.88671875,-40.52734375,-35.15625,-41.9921875,-33.203125,-34.66796875,0.0
283.890625,-41.9921875,-31.25,-45.41015625,-36.1328125,-137.20703125,0.0
283.89453125,-35.15625,-30.2734375,-40.0390625,-40.0390625,-143.06640625,0.0
283.8984375,-22.4609375,-30.76171875,-32.2265625,-42.96875,-72.75390625,0.0
283.90234375,-20.5078125,-29.78515625,-39.55078125,-40.52734375,-96.6796875,0.0
283.90625,-8.30078125,-23.92578125,-39.55078125,-34.1796875,-131.8359375,0.0
283.91015625,0.9765625,-21.97265625,-39.55078125,-30.76171875,-122.55859375,0.0
283.9140625,-9.27734375,-26.3671875,-50.78125,-27.34375,-159.66796875,0.0
283.91796875,-27.83203125,-23.4375,-47.8515625,-36.62109375,-167.96875,0.0
283.921875,-33.203125,-21.484375,-33.69140625,-46.38671875,-102.05078125,0.0
283.92578125,-22.4609375,-21.484375,-21.97265625,-49.31640625,-45.8984375,0.0
283.9296875,-39.55078125,-24.4140625,-19.53125,-37.109375,-52.24609375,0.0
283.93359375,-59.08203125,-27.34375,-23.4375,-30.76171875,-89.84375,0.0
283.9375,-54.6875,-33.203125,-30.2734375,-28.80859375,-89.84375,0.0
283.94140625,-38.57421875,-35.64453125,-40.52734375,-41.015625,-86.9140625,0.0
283.9453125,-33.69140625,-29.296875,-43.9453125,-53.22265625,-187.98828125,0.0
283.94921875,-41.015625,-32.2265625,-43.9453125,-41.9921875,-215.33203125,0.0
283.953125,-57.12890625,-33.69140625,-34.66796875,-40.52734375,-121.09375,0.0
283.95703125,-64.94140625,-32.2265625,-26.3671875,-56.15234375,-121.58203125,0.0
283.9609375,-41.9921875,-37.59765625,-25.390625,-44.43359375,-125.9765625,0.0
283.96484375,-37.59765625,-31.25,-33.69140625,-31.73828125,-11.71875,0.0
283.96875,-43.45703125,-26.3671875,-43.45703125,-50.29296875,-1.953125,0.0
283.97265625,-27.34375,-29.296875,-32.71484375,-53.22265625,-95.21484375,0.0
283.9765625,-35.15625,-36.62109375,-25.87890625,-45.41015625,-106.93359375,0.0
283.98046875,-34.66796875,-37.109375,-39.0625,-49.8046875,-180.6640625,0.0
283.984375,-21.97265625,-36.62109375,-45.41015625,-45.41015625,-139.6484375,0.0
283.98828125,-36.62109375,-40.52734375,-30.76171875,-31.73828125,-100.5859375,0.0
283.9921875,-35.15625,-34.1796875,-16.6015625,-23.4375,-104.98046875,0.0
283.99609375,-32.2265625,-32.71484375,-18.06640625,-29.78515625,-53.7109375,0.0
284.0,-51.26953125,-31.25,-24.90234375,-36.1328125,-9.27734375,0.0
284.00390625,-27.34375,-28.80859375,-29.296875,-47.8515625,8.30078125,0.0
284.0078125,-8.30078125,-25.390625,-41.50390625,-49.31640625,34.66796875,0.0
284.01171875,-24.90234375,-26.85546875,-43.45703125,-45.41015625,19.04296875,0.0
284.015625,-29.78515625,-25.87890625,-21.484375,-37.109375,-9.765625,0.0
284.01953125,-29.296875,-25.390625,-18.06640625,-39.55078125,-63.96484375,0.0
284.0234375,-21.484375,-27.34375,-18.5546875,-39.55078125,-125.0,0.0
284.02734375,-30.2734375,-33.203125,-14.6484375,-24.90234375,-98.6328125,0.0
284.03125,-52.734375,-44.921875,-18.5546875,-33.69140625,-61.03515625,0.0
284.03515625,-47.8515625,-42.48046875,-20.01953125,-44.921875,-29.296875,0.0
284.0390625,-26.3671875,-30.76171875,-26.85546875,-36.1328125,-0.9765625,0.0
284.04296875,-25.87890625,-34.1796875,-29.78515625,-31.25,8.7890625,0.0
284.046875,-15.13671875,-45.8984375,-43.45703125,-40.52734375,-19.04296875,0.0
284.05078125,-21.97265625,-40.52734375,-41.50390625,-36.1328125,-17.578125,0.0
284.0546875,-45.41015625,-31.73828125,-24.90234375,-27.34375,-11.71875,0.0
284.05859375,-42.96875,-29.296875,-23.4375,-39.0625,-72.75390625,0.0
284.0625,-20.01953125,-30.76171875,-34.66796875,-43.45703125,-76.66015625,0.0
284.06640625,-14.6484375,-28.80859375,-39.0625,-44.921875,-62.98828125,0.0
284.0703125,-27.83203125,-30.2734375,-24.4140625,-42.96875,-131.34765625,0.0
284.07421875,-35.64453125,-24.90234375,-20.01953125,-44.43359375,-59.08203125,0.0
284.078125,-30.2734375,-17.578125,-24.4140625,-46.38671875,24.4140625,0.0
284.08203125,-32.2265625,-25.390625,-26.85546875,-44.921875,-2.44140625,0.0
284.0859375,-29.296875,-33.203125,-31.25,-50.78125,56.640625,0.0
284.08984375,-20.99609375,-39.55078125,-23.4375,-45.41015625,138.18359375,0.0
284.09375,-34.66796875,-45.8984375,-17.08984375,-31.73828125,89.84375,0.0
284.09765625,-47.8515625,-40.52734375,-33.69140625,-40.0390625,69.3359375,0.0
284.1015625,-40.52734375,-35.64453125,-35.64453125,-48.33984375,100.5859375,0.0
284.10546875,-35.15625,-40.0390625,-29.296875,-63.4765625,57.6171875,0.0
284.109375,-35.64453125,-44.921875,-27.83203125,-53.22265625,100.5859375,0.0
284.11328125,-37.109375,-42.96875,-23.92578125,-20.99609375,115.234375,0.0
284.1171875,-41.50390625,-38.0859375,-23.92578125,-39.55078125,29.78515625,0.0
284.12109375,-33.203125,-45.8984375,-31.25,-47.8515625,35.64453125,0.0
284.125,-17.578125,-41.50390625,-33.69140625,-40.52734375,113.28125,0.0
284.12890625,-19.53125,-33.203125,-31.25,-49.8046875,106.4453125,0.0
284.1328125,-25.390625,-26.85546875,-30.2734375,-36.62109375,6.8359375,0.0
284.13671875,-39.55078125,-25.87890625,-25.87890625,-30.2734375,-3.41796875,0.0
284.140625,-27.83203125,-26.85546875,-30.2734375,-44.921875,44.43359375,0.0
284.14453125,-17.578125,-28.3203125,-39.55078125,-39.55078125,44.43359375,0.0
284.1484375,-34.66796875,-38.0859375,-37.59765625,-39.0625,79.1015625,0.0
284.15234375,-39.0625,-39.55078125,-38.0859375,-36.62109375,80.078125,0.0
284.15625,-16.11328125,-30.2734375,-38.0859375,-27.83203125,74.21875,0.0
284.16015625,-28.3203125,-27.83203125,-38.57421875,-33.203125,51.26953125,0.0
284.1640625,-42.96875,-29.296875,-35.15625,-35.15625,8.7890625,0.0
284.16796875,-34.66796875,-29.296875,-29.296875,-33.69140625,29.296875,0.0
284.171875,-29.296875,-30.2734375,-36.1328125,-35.15625,124.0234375,0.0
284.17578125,-41.015625,-33.203125,-35.15625,-39.55078125,114.2578125,0.0
284.1796875,-41.9921875,-35.15625,-26.3671875,-48.828125,60.05859375,0.0
284.18359375,-26.3671875,-36.62109375,-26.85546875,-40.0390625,75.68359375,0.0
284.1875,-25.390625,-35.64453125,-30.76171875,-32.2265625,-28.3203125,0.0
284.19140625,-46.38671875,-33.69140625,-26.85546875,-39.55078125,-145.5078125,0.0
284.1953125,-41.9921875,-35.64453125,-35.15625,-35.64453125,-74.70703125,0.0
284.19921875,-30.76171875,-39.55078125,-49.31640625,-49.8046875,-82.03125,0.0
284.203125,-27.83203125,-36.62109375,-44.43359375,-52.734375,-79.58984375,0.0
284.20703125,-25.390625,-39.0625,-39.0625,-23.92578125,-59.5703125,0.0
284.2109375,-42.48046875,-39.0625,-34.1796875,-25.390625,-64.94140625,0.0
284.21484375,-50.78125,-45.41015625,-22.4609375,-32.2265625,-20.5078125,0.0
284.21875,-34.1796875,-45.8984375,-24.4140625,-31.73828125,-16.11328125,0.0
284.22265625,-21.97265625,-40.0390625,-30.76171875,-39.0625,-33.203125,0.0
284.2265625,-29.78515625,-38.0859375,-30.2734375,-45.41015625,-38.0859375,0.0
284.23046875,-51.7578125,-36.1328125,-31.73828125,-42.48046875,-111.81640625,0.0
284.234375,-52.24609375,-35.64453125,-38.57421875,-31.73828125,-72.75390625,0.0
284.23828125,-38.57421875,-32.71484375,-36.62109375,-42.48046875,-4.39453125,0.0
284.2421875,-23.4375,-30.76171875,-35.64453125,-50.29296875,-10.7421875,0.0
284.24609375,-25.390625,-27.83203125,-34.66796875,-28.3203125,21.484375,0.0
284.25,-26.85546875,-25.390625,-36.1328125,-23.92578125,-28.3203125,0.0
284.25390625,-30.76171875,-33.203125,-39.0625,-26.3671875,-93.75,0.0
284.2578125,-40.52734375,-36.1328125,-38.0859375,-35.64453125,-121.09375,0.0
284.26171875,-40.0390625,-31.25,-34.66796875,-44.921875,-103.515625,0.0
284.265625,-47.36328125,-32.71484375,-29.296875,-53.7109375,-19.53125,0.0
284.26953125,-45.8984375,-31.25,-23.92578125,-50.29296875,23.92578125,0.0
284.2734375,-30.2734375,-34.1796875,-24.90234375,-39.55078125,-8.30078125,0.0
284.27734375,-31.25,-36.62109375,-33.203125,-35.15625,-75.1953125,0.0
284.28125,-27.83203125,-32.2265625,-24.4140625,-41.50390625,-160.64453125,0.0
284.28515625,-17.08984375,-35.64453125,-35.64453125,-43.9453125,-99.12109375,0.0
284.2890625,-34.66796875,-38.57421875,-51.7578125,-37.109375,-33.69140625,0.0
284.29296875,-47.36328125,-31.73828125,-36.1328125,-27.83203125,12.20703125,0.0
284.296875,-56.15234375,-28.80859375,-29.296875,-36.62109375,66.89453125,0.0
284.30078125,-30.2734375,-25.390625,-36.1328125,-55.6640625,-23.92578125,0.0
284.3046875,-10.7421875,-24.90234375,-31.25,-41.015625,-48.828125,0.0
284.30859375,-43.45703125,-32.71484375,-21.97265625,-33.203125,-3.41796875,0.0
284.3125,-56.640625,-43.45703125,-30.76171875,-28.80859375,-22.4609375,0.0
284.31640625,-36.62109375,-37.59765625,-37.59765625,-24.4140625,-61.03515625,0.0
284.3203125,-30.2734375,-25.87890625,-33.69140625,-32.71484375,-142.578125,0.0
284.32421875,-25.390625,-25.390625,-30.2734375,-31.25,-143.5546875,0.0
284.328125,-29.78515625,-29.78515625,-25.87890625,-28.3203125,-37.109375,0.0
284.33203125,-42.96875,-31.73828125,-28.80859375,-31.73828125,45.8984375,0.0
284.3359375,-46.875,-30.2734375,-30.2734375,-41.015625,-5.37109375,0.0
284.33984375,-27.34375,-30.76171875,-34.1796875,-43.45703125,-48.828125,0.0
284.34375,-17.578125,-31.25,-41.9921875,-41.015625,-38.0859375,0.0
284.34765625,-23.4375,-27.34375,-44.921875,-33.69140625,17.08984375,0.0
284.3515625,-33.203125,-28.3203125,-31.73828125,-36.1328125,25.390625,0.0
284.35546875,-36.62109375,-31.73828125,-22.94921875,-34.66796875,8.7890625,0.0
284.359375,-36.62109375,-32.71484375,-27.34375,-38.0859375,5.859375,0.0
284.36328125,-41.50390625,-34.1796875,-28.3203125,-41.015625,-38.57421875,0.0
284.3671875,-28.3203125,-29.296875,-27.83203125,-34.1796875,-82.03125,0.0
284.37109375,-28.3203125,-29.296875,-21.97265625,-31.25,-114.2578125,0.0
284.375,-42.96875,-33.203125,-29.78515625,-35.15625,-105.95703125,0.0
284.37890625,-37.109375,-31.73828125,-49.8046875,-30.2734375,-91.796875,0.0
284.3828125,-29.78515625,-35.15625,-48.33984375,-31.25,-102.5390625,0.0
284.38671875,-35.15625,-34.66796875,-44.921875,-51.7578125,-58.59375,0.0
284.390625,-38.57421875,-26.85546875,-45.8984375,-48.33984375,-25.390625,0.0
284.39453125,-34.66796875,-22.94921875,-32.71484375,-37.59765625,-23.92578125,0.0
284.3984375,-37.109375,-31.73828125,-26.85546875,-44.921875,22.94921875,0.0
284.40234375,-45.8984375,-33.203125,-33.69140625,-41.9921875,-89.84375,0.0
284.40625,-23.92578125,-24.90234375,-40.0390625,-36.1328125,-82.03125,0.0
284.41015625,-23.92578125,-25.390625,-34.1796875,-40.0390625,39.55078125,0.0
284.4140625,-33.203125,-31.73828125,-27.34375,-34.66796875,-20.99609375,0.0
284.41796875,-27.34375,-29.296875,-32.2265625,-25.87890625,-10.7421875,0.0
284.421875,-23.4375,-28.80859375,-29.296875,-34.1796875,21.484375,0.0
284.42578125,-37.59765625,-35.15625,-32.2265625,-41.50390625,33.69140625,0.0
284.4296875,-54.6875,-34.66796875,-30.76171875,-33.203125,65.91796875,0.0
284.43359375,-35.15625,-28.3203125,-22.4609375,-29.78515625,71.2890625,0.0
284.4375,-35.64453125,-26.85546875,-35.64453125,-38.0859375,-22.4609375,0.0
284.44140625,-53.7109375,-31.73828125,-40.52734375,-55.17578125,-60.05859375,0.0
284.4453125,-31.73828125,-36.62109375,-28.80859375,-48.828125,-37.59765625,0.0
284.44921875,-34.66796875,-37.109375,-28.80859375,-33.203125,-19.53125,0.0
284.453125,-57.12890625,-30.2734375,-34.1796875,-32.71484375,32.2265625,0.0
284.45703125,-45.8984375,-31.25,-26.3671875,-36.1328125,-0.9765625,0.0
284.4609375,-36.62109375,-39.0625,-20.5078125,-41.50390625,-94.23828125,0.0
284.46484375,-23.92578125,-45.41015625,-29.296875,-37.109375,-106.93359375,0.0
284.46875,-32.2265625,-37.59765625,-21.97265625,-38.0859375,-22.4609375,0.0
284.47265625,-57.6171875,-29.296875,-24.4140625,-43.9453125,-24.90234375,0.0
284.4765625,-51.7578125,-27.34375,-27.83203125,-33.203125,-41.015625,0.0
284.48046875,-31.25,-25.87890625,-23.92578125,-30.76171875,-24.4140625,0.0
284.484375,-28.80859375,-30.76171875,-25.87890625,-31.25,-10.25390625,0.0
284.48828125,-29.296875,-34.66796875,-27.34375,-40.0390625,-10.7421875,0.0
284.4921875,-45.41015625,-34.66796875,-32.71484375,-46.38671875,-32.2265625,0.0
284.49609375,-52.24609375,-31.73828125,-34.1796875,-43.45703125,-58.10546875,0.0
284.5,-35.64453125,-29.296875,-36.62109375,-41.015625,-14.16015625,0.0
284.50390625,-32.71484375,-38.57421875,-40.52734375,-32.2265625,-0.9765625,0.0
284.5078125,-31.73828125,-36.1328125,-36.1328125,-43.9453125,-13.671875,0.0
284.51171875,-37.59765625,-33.203125,-20.99609375,-51.7578125,21.97265625,0.0
284.515625,-40.0390625,-37.109375,-16.11328125,-38.0859375,53.22265625,0.0
284.51953125,-24.90234375,-30.2734375,-26.3671875,-30.76171875,10.7421875,0.0
284.5234375,-22.4609375,-25.87890625,-41.50390625,-38.57421875,-37.59765625,0.0
284.52734375,-36.1328125,-30.2734375,-42.96875,-45.41015625,-32.71484375,0.0
284.53125,-28.80859375,-36.62109375,-36.1328125,-31.73828125,24.90234375,0.0
284.53515625,-36.62109375,-32.71484375,-34.66796875,-31.25,59.08203125,0.0
284.5390625,-51.7578125,-33.203125,-24.90234375,-42.48046875,6.34765625,0.0
284.54296875,-41.9921875,-41.015625,-21.484375,-44.43359375,-20.5078125,0.0
284.546875,-37.59765625,-40.0390625,-25.390625,-32.2265625,-43.9453125,0.0
284.55078125,-35.64453125,-36.1328125,-23.92578125,-27.34375,-40.52734375,0.0
284.5546875,-34.1796875,-25.87890625,-21.97265625,-37.109375,-22.94921875,0.0
284.55859375,-56.640625,-28.3203125,-20.99609375,-31.25,-25.390625,0.0
284.5625,-28.80859375,-31.25,-21.97265625,-27.83203125,-15.13671875,0.0
284.56640625,-11.23046875,-34.66796875,-30.76171875,-36.62109375,2.9296875,0.0
284.5703125,-42.96875,-46.38671875,-38.0859375,-40.0390625,-32.71484375,0.0
284.57421875,-46.875,-41.9921875,-24.90234375,-22.94921875,25.390625,0.0
284.578125,-43.45703125,-30.2734375,-21.97265625,-32.71484375,36.1328125,0.0
284.58203125,-37.59765625,-23.4375,-22.4609375,-40.0390625,-21.484375,0.0
284.5859375,-33.69140625,-30.76171875,-18.06640625,-42.96875,-41.9921875,0.0
284.58984375,-46.875,-36.62109375,-32.71484375,-41.015625,-56.15234375,0.0
284.59375,-40.52734375,-28.3203125,-43.9453125,-34.1796875,-41.9921875,0.0
284.59765625,-29.296875,-27.83203125,-37.109375,-30.2734375,-90.33203125,0.0
284.6015625,-24.90234375,-32.71484375,-27.83203125,-24.4140625,-118.1640625,0.0
284.60546875,-17.08984375,-29.296875,-27.34375,-35.15625,-115.72265625,0.0
284.609375,-23.4375,-30.76171875,-33.69140625,-37.109375,-126.46484375,0.0
284.61328125,-30.2734375,-33.203125,-28.80859375,-27.83203125,-73.2421875,0.0
284.6171875,-41.015625,-39.0625,-7.32421875,-24.4140625,-9.765625,0.0
284.62109375,-37.59765625,-36.62109375,-20.01953125,-26.85546875,54.19921875,0.0
284.625,-26.3671875,-26.3671875,-36.62109375,-39.0625,90.33203125,0.0
284.62890625,-30.2734375,-20.99609375,-35.15625,-48.828125,46.38671875,0.0
284.6328125,-37.59765625,-25.87890625,-40.52734375,-32.71484375,-1.953125,0.0
284.63671875,-54.19921875,-34.1796875,-41.9921875,-38.57421875,-47.8515625,0.0
284.640625,-43.45703125,-30.76171875,-41.50390625,-45.8984375,1.953125,0.0
284.64453125,-31.73828125,-33.203125,-29.296875,-33.203125,-3.90625,0.0
284.6484375,-27.34375,-41.50390625,-23.92578125,-39.0625,-69.3359375,0.0
284.65234375,-13.18359375,-38.0859375,-23.92578125,-32.71484375,-17.08984375,0.0
284.65625,-23.92578125,-30.2734375,-21.97265625,-29.296875,-19.53125,0.0
284.66015625,-41.9921875,-25.87890625,-20.5078125,-44.921875,-109.375,0.0
284.6640625,-26.3671875,-24.90234375,-23.4375,-39.55078125,-83.0078125,0.0
284.66796875,-16.6015625,-26.85546875,-39.55078125,-30.76171875,14.16015625,0.0
284.671875,-7.8125,-27.34375,-38.57421875,-41.9921875,47.8515625,0.0
284.67578125,-11.71875,-25.390625,-26.3671875,-41.9921875,19.04296875,0.0
284.6796875,-13.18359375,-22.4609375,-22.94921875,-38.0859375,-26.85546875,0.0
284.68359375,3.90625,-20.5078125,-33.203125,-51.7578125,-113.76953125,0.0
284.6875,-8.7890625,-27.34375,-40.0390625,-50.78125,-149.4140625,0.0
284.69140625,-25.87890625,-35.64453125,-37.59765625,-34.1796875,-114.2578125,0.0
284.6953125,-38.0859375,-34.66796875,-22.94921875,-34.66796875,-103.515625,0.0
284.69921875,-43.9453125,-34.1796875,-19.53125,-35.15625,-67.87109375,0.0
284.703125,-26.85546875,-33.203125,-25.390625,-37.109375,11.23046875,0.0
284.70703125,-55.17578125,-34.66796875,-19.53125,-30.76171875,-8.30078125,0.0
284.7109375,-62.01171875,-39.0625,-19.53125,-26.85546875,4.8828125,0.0
284.71484375,-24.4140625,-33.69140625,-26.85546875,-35.15625,42.96875,0.0
284.71875,-17.578125,-27.83203125,-32.2265625,-34.66796875,-16.6015625,0.0
284.72265625,-32.71484375,-31.73828125,-32.71484375,-37.109375,-36.62109375,0.0
284.7265625,-38.0859375,-36.1328125,-31.73828125,-44.43359375,14.6484375,0.0
284.73046875,-48.828125,-35.15625,-31.25,-39.0625,-5.37109375,0.0
284.734375,-46.875,-35.64453125,-32.2265625,-33.203125,-60.546875,0.0
284.73828125,-33.69140625,-27.34375,-34.66796875,-41.50390625,-31.73828125,0.0
284.7421875,-35.15625,-26.3671875,-29.78515625,-51.26953125,7.32421875,0.0
284.74609375,-32.2265625,-37.109375,-27.83203125,-40.0390625,-12.20703125,0.0
284.75,-21.97265625,-40.52734375,-28.3203125,-36.1328125,-75.1953125,0.0
284.75390625,-29.296875,-41.015625,-30.76171875,-36.62109375,-58.59375,0.0
284.7578125,-27.83203125,-25.87890625,-31.73828125,-38.57421875,-73.73046875,0.0
284.76171875,-15.13671875,-17.08984375,-25.87890625,-39.55078125,-20.99609375,0.0
284.765625,-29.296875,-25.87890625,-21.484375,-26.85546875,31.25,0.0
284.76953125,-35.64453125,-28.80859375,-22.4609375,-22.4609375,-3.41796875,0.0
284.7734375,-36.1328125,-26.85546875,-28.80859375,-35.64453125,28.80859375,0.0
284.77734375,-37.59765625,-28.3203125,-31.73828125,-42.48046875,47.36328125,0.0
284.78125,-41.9921875,-23.4375,-22.94921875,-37.109375,7.32421875,0.0
284.78515625,-21.97265625,-26.85546875,-21.97265625,-33.69140625,-56.640625,0.0
284.7890625,-12.6953125,-37.109375,-30.2734375,-27.83203125,-40.0390625,0.0
284.79296875,-34.66796875,-32.71484375,-35.15625,-17.08984375,19.04296875,0.0
284.796875,-24.90234375,-31.73828125,-24.4140625,-27.83203125,18.06640625,0.0
284.80078125,-29.78515625,-37.109375,-23.4375,-37.109375,-12.6953125,0.0
284.8046875,-35.15625,-40.0390625,-43.9453125,-30.76171875,-88.8671875,0.0
284.80859375,-39.55078125,-42.48046875,-43.9453125,-33.69140625,-122.55859375,0.0
284.8125,-50.29296875,-36.62109375,-38.0859375,-33.69140625,-118.65234375,0.0
284.81640625,-58.10546875,-33.203125,-45.41015625,-36.1328125,-132.32421875,0.0
284.8203125,-58.59375,-39.0625,-40.52734375,-50.29296875,-120.60546875,0.0
284.82421875,-41.50390625,-41.50390625,-30.2734375,-41.50390625,-102.05078125,0.0
284.828125,-39.55078125,-37.59765625,-35.15625,-37.109375,-65.91796875,0.0
284.83203125,-57.6171875,-32.71484375,-35.64453125,-41.50390625,-56.640625,0.0
284.8359375,-54.6875,-32.71484375,-35.64453125,-28.3203125,-35.15625,0.0
284.83984375,-39.0625,-34.66796875,-27.34375,-35.64453125,-84.9609375,0.0
284.84375,-34.1796875,-37.109375,-6.8359375,-36.1328125,-178.7109375,0.0
284.84765625,-41.50390625,-37.109375,-27.34375,-26.85546875,-131.34765625,0.0
284.8515625,-41.9921875,-36.62109375,-35.15625,-24.90234375,-101.07421875,0.0
284.85546875,-31.73828125,-36.1328125,-28.3203125,-24.90234375,-44.921875,0.0
284.859375,-31.73828125,-26.3671875,-30.76171875,-30.2734375,-17.08984375,0.0
284.86328125,-25.87890625,-22.4609375,-26.85546875,-34.66796875,17.08984375,0.0
284.8671875,-30.76171875,-29.78515625,-26.85546875,-37.59765625,19.04296875,0.0
284.87109375,-22.4609375,-32.2265625,-20.01953125,-36.62109375,21.484375,0.0
284.875,-30.76171875,-29.78515625,-17.578125,-44.43359375,27.34375,0.0
284.87890625,-43.45703125,-31.73828125,-21.97265625,-50.78125,3.41796875,0.0
284.8828125,-34.1796875,-31.73828125,-21.97265625,-37.109375,-37.109375,0.0
284.88671875,-38.0859375,-26.3671875,-23.4375,-37.59765625,-84.9609375,0.0
284.890625,-33.69140625,-26.85546875,-27.34375,-38.0859375,-62.98828125,0.0
284.89453125,-38.0859375,-33.69140625,-29.296875,-35.15625,-20.5078125,0.0
284.8984375,-28.3203125,-32.2265625,-26.85546875,-45.41015625,-85.9375,0.0
284.90234375,-32.2265625,-35.15625,-25.390625,-36.62109375,-58.10546875,0.0
284.90625,-38.0859375,-33.69140625,-33.69140625,-37.109375,11.71875,0.0
284.91015625,-30.76171875,-28.3203125,-28.3203125,-40.52734375,5.859375,0.0
284.9140625,-48.33984375,-28.3203125,-16.6015625,-37.109375,-45.8984375,0.0
284.91796875,-39.0625,-26.85546875,-21.484375,-36.1328125,-70.3125,0.0
284.921875,-25.87890625,-31.73828125,-28.3203125,-39.0625,-12.20703125,0.0
284.92578125,-20.5078125,-39.55078125,-31.73828125,-43.45703125,-19.04296875,0.0
284.9296875,-29.296875,-38.0859375,-22.4609375,-34.66796875,-9.27734375,0.0
284.93359375,-32.71484375,-35.64453125,-9.765625,-24.90234375,-8.30078125,0.0
284.9375,-32.71484375,-31.73828125,-22.4609375,-34.1796875,-7.32421875,0.0
284.94140625,-37.59765625,-31.73828125,-31.73828125,-41.50390625,1.953125,0.0
284.9453125,-28.3203125,-38.57421875,-27.83203125,-24.90234375,-42.48046875,0.0
284.94921875,-22.94921875,-29.78515625,-32.2265625,-35.15625,-29.296875,0.0
284.953125,-24.90234375,-24.4140625,-39.0625,-38.0859375,-38.0859375,0.0
284.95703125,-33.69140625,-31.25,-34.66796875,-29.78515625,12.20703125,0.0
284.9609375,-32.71484375,-31.73828125,-28.3203125,-43.45703125,80.56640625,0.0
284.96484375,-26.85546875,-29.296875,-25.87890625,-41.50390625,67.87109375,0.0
284.96875,-21.97265625,-34.66796875,-32.2265625,-37.59765625,60.05859375,0.0
284.97265625,-21.484375,-40.0390625,-33.69140625,-36.62109375,3.41796875,0.0
284.9765625,-41.50390625,-35.64453125,-21.97265625,-39.55078125,-114.74609375,0.0
284.98046875,-51.26953125,-29.296875,-32.2265625,-50.29296875,-34.1796875,0.0
284.984375,-43.9453125,-28.80859375,-41.015625,-53.22265625,42.96875,0.0
284.98828125,-45.8984375,-30.2734375,-41.9921875,-39.55078125,-37.109375,0.0
284.9921875,-46.38671875,-36.1328125,-39.55078125,-27.83203125,-59.08203125,0.0
284.99609375,-41.50390625,-40.52734375,-41.9921875,-43.45703125,10.7421875,0.0
285.0,-43.9453125,-36.62109375,-41.9921875,-47.8515625,-68.84765625,0.0
285.00390625,-30.2734375,-34.66796875,-34.66796875,-43.45703125,-92.28515625,0.0
285.0078125,-31.73828125,-38.57421875,-30.2734375,-44.43359375,-78.61328125,0.0
285.01171875,-42.96875,-36.1328125,-26.3671875,-35.15625,-79.1015625,0.0
285.015625,-36.1328125,-30.76171875,-30.76171875,-38.0859375,31.25,0.0
285.01953125,-36.1328125,-32.71484375,-41.015625,-53.22265625,41.015625,0.0
285.0234375,-45.41015625,-31.73828125,-41.015625,-51.26953125,4.8828125,0.0
285.02734375,-39.55078125,-36.1328125,-34.66796875,-46.875,4.8828125,0.0
285.03125,-42.48046875,-39.55078125,-32.71484375,-58.59375,-45.8984375,0.0
285.03515625,-43.9453125,-33.69140625,-31.73828125,-41.015625,-36.62109375,0.0
285.0390625,-54.19921875,-37.109375,-25.87890625,-38.0859375,-62.01171875,0.0
285.04296875,-40.52734375,-38.0859375,-24.90234375,-42.96875,-95.703125,0.0
285.046875,-27.34375,-31.25,-25.87890625,-27.83203125,-25.87890625,0.0
285.05078125,-47.8515625,-30.2734375,-30.2734375,-31.73828125,-29.296875,0.0
285.0546875,-49.31640625,-34.1796875,-37.59765625,-26.3671875,-24.4140625,0.0
285.05859375,-45.41015625,-33.69140625,-36.1328125,-31.73828125,-15.625,0.0
285.0625,-51.26953125,-27.34375,-30.76171875,-35.64453125,-48.33984375,0.0
285.06640625,-42.96875,-28.80859375,-29.78515625,-39.55078125,-37.59765625,0.0
285.0703125,-26.85546875,-34.1796875,-30.2734375,-40.0390625,-34.1796875,0.0
285.07421875,-32.2265625,-30.2734375,-32.2265625,-38.0859375,17.08984375,0.0
285.078125,-50.29296875,-29.78515625,-41.015625,-40.0390625,30.2734375,0.0
285.08203125,-53.22265625,-40.52734375,-20.01953125,-39.0625,17.578125,0.0
285.0859375,-45.8984375,-38.0859375,-11.71875,-20.99609375,3.41796875,0.0
285.08984375,-48.33984375,-36.1328125,-23.4375,-24.90234375,30.76171875,0.0
285.09375,-43.45703125,-34.66796875,-20.99609375,-26.85546875,37.109375,0.0
285.09765625,-31.25,-33.69140625,-26.85546875,-27.34375,-41.015625,0.0
285.1015625,-32.2265625,-31.25,-26.85546875,-37.59765625,-17.578125,0.0
285.10546875,-25.87890625,-24.90234375,-28.80859375,-33.69140625,-129.8828125,0.0
285.109375,-20.5078125,-26.85546875,-31.73828125,-34.1796875,-162.109375,0.0
285.11328125,-38.0859375,-31.25,-30.2734375,-32.2265625,10.25390625,0.0
285.1171875,-44.921875,-30.2734375,-33.69140625,-37.59765625,-28.3203125,0.0
285.12109375,-32.2265625,-28.3203125,-46.38671875,-51.26953125,-102.05078125,0.0
285.125,-34.1796875,-33.203125,-41.015625,-51.7578125,-87.40234375,0.0
285.12890625,-47.36328125,-36.62109375,-21.97265625,-39.0625,-109.375,0.0
285.1328125,-59.08203125,-35.64453125,-31.25,-42.48046875,-47.8515625,0.0
285.13671875,-43.45703125,-37.59765625,-36.1328125,-37.59765625,-30.76171875,0.0
285.140625,-37.59765625,-39.0625,-27.34375,-36.62109375,-104.00390625,0.0
285.14453125,-42.48046875,-36.1328125,-29.78515625,-39.55078125,-69.82421875,0.0
285.1484375,-36.62109375,-35.64453125,-30.76171875,-29.78515625,68.359375,0.0
285.15234375,-43.9453125,-42.96875,-31.25,-29.78515625,66.89453125,0.0
285.15625,-35.15625,-35.64453125,-29.78515625,-34.1796875,14.6484375,0.0
285.16015625,-20.99609375,-27.83203125,-38.57421875,-41.9921875,-79.58984375,0.0
285.1640625,-18.06640625,-35.64453125,-39.55078125,-44.43359375,-181.640625,0.0
285.16796875,-15.625,-33.203125,-30.76171875,-34.66796875,-202.63671875,0.0
285.171875,-41.9921875,-34.1796875,-30.76171875,-35.15625,-171.38671875,0.0
285.17578125,-47.8515625,-34.1796875,-26.85546875,-36.1328125,-168.9453125,0.0
285.1796875,-36.62109375,-26.3671875,-28.80859375,-34.1796875,-209.9609375,0.0
285.18359375,-42.48046875,-29.296875,-30.2734375,-55.6640625,-175.78125,0.0
285.1875,-49.8046875,-36.62109375,-27.34375,-41.015625,-118.1640625,0.0
285.19140625,-53.7109375,-34.1796875,-28.3203125,-20.5078125,-164.55078125,0.0
285.1953125,-45.8984375,-27.34375,-30.2734375,-36.62109375,-154.78515625,0.0
285.19921875,-32.2265625,-28.80859375,-32.2265625,-34.1796875,-121.09375,0.0
285.203125,-34.66796875,-35.64453125,-35.15625,-38.57421875,-102.5390625,0.0
285.20703125,-45.8984375,-36.1328125,-40.0390625,-44.43359375,-77.63671875,0.0
285.2109375,-44.921875,-38.0859375,-41.50390625,-30.2734375,-97.16796875,0.0
285.21484375,-38.57421875,-44.43359375,-34.1796875,-23.92578125,-98.6328125,0.0
285.21875,-37.109375,-47.36328125,-25.390625,-27.34375,-156.73828125,0.0
285.22265625,-24.4140625,-46.875,-47.8515625,-36.1328125,-204.58984375,0.0
285.2265625,-35.15625,-37.59765625,-45.8984375,-51.7578125,-184.5703125,0.0
285.23046875,-40.0390625,-31.25,-20.99609375,-34.1796875,-111.328125,0.0
285.234375,-34.66796875,-31.73828125,-22.94921875,-30.2734375,-35.64453125,0.0
285.23828125,-34.66796875,-33.203125,-35.15625,-42.48046875,-84.9609375,0.0
285.2421875,-23.4375,-34.1796875,-36.1328125,-42.96875,-82.03125,0.0
285.24609375,-28.3203125,-33.69140625,-31.73828125,-44.43359375,-48.33984375,0.0
285.25,-40.52734375,-39.0625,-29.78515625,-41.9921875,21.97265625,0.0
285.25390625,-41.9921875,-34.1796875,-32.71484375,-33.69140625,119.140625,0.0
285.2578125,-26.3671875,-19.04296875,-37.59765625,-28.3203125,145.01953125,0.0
285.26171875,-21.484375,-20.99609375,-28.3203125,-31.73828125,104.00390625,0.0
285.265625,-21.97265625,-29.78515625,-20.5078125,-41.50390625,150.390625,0.0
285.26953125,-25.87890625,-39.0625,-31.25,-30.76171875,146.484375,0.0
285.2734375,-57.12890625,-41.015625,-36.62109375,-27.83203125,50.29296875,0.0
285.27734375,-51.7578125,-31.73828125,-31.25,-34.1796875,68.84765625,0.0
285.28125,-25.87890625,-29.78515625,-27.34375,-30.76171875,117.1875,0.0
285.28515625,-32.71484375,-29.296875,-34.1796875,-34.66796875,35.15625,0.0
285.2890625,-29.296875,-27.34375,-30.2734375,-29.78515625,-23.4375,0.0
285.29296875,-20.99609375,-27.83203125,-19.53125,-14.16015625,16.6015625,0.0
285.296875,-32.2265625,-28.80859375,-21.484375,-33.203125,67.3828125,0.0
285.30078125,-28.80859375,-28.80859375,-26.3671875,-63.4765625,31.25,0.0
285.3046875,-14.6484375,-27.34375,-23.92578125,-37.59765625,-25.87890625,0.0
285.30859375,-16.11328125,-22.4609375,-26.3671875,-11.71875,50.29296875,0.0
285.3125,-31.73828125,-22.94921875,-37.109375,-8.30078125,115.234375,0.0
285.31640625,-35.64453125,-29.296875,-36.62109375,-22.94921875,30.76171875,0.0
285.3203125,-34.1796875,-34.66796875,-35.15625,-41.9921875,9.765625,0.0
285.32421875,-39.0625,-38.0859375,-34.66796875,-42.96875,28.3203125,0.0
285.328125,-28.3203125,-41.015625,-30.76171875,-40.52734375,19.04296875,0.0
285.33203125,-28.3203125,-40.52734375,-33.69140625,-36.62109375,12.6953125,0.0
285.3359375,-36.62109375,-32.2265625,-36.1328125,-43.9453125,-50.29296875,0.0
285.33984375,-35.64453125,-23.92578125,-28.80859375,-51.26953125,-7.8125,0.0
285.34375,-30.2734375,-25.87890625,-29.296875,-50.78125,1.46484375,0.0
285.34765625,-20.5078125,-29.78515625,-36.1328125,-40.52734375,39.55078125,0.0
285.3515625,-23.4375,-27.83203125,-32.71484375,-30.76171875,45.8984375,0.0
285.35546875,-29.296875,-25.87890625,-30.76171875,-40.0390625,-52.734375,0.0
285.359375,-30.2734375,-23.92578125,-30.2734375,-42.96875,1.46484375,0.0
285.36328125,-23.4375,-24.4140625,-26.3671875,-47.36328125,-16.6015625,0.0
285.3671875,-21.97265625,-33.203125,-20.99609375,-55.17578125,-25.87890625,0.0
285.37109375,-29.296875,-37.109375,-29.78515625,-29.296875,-10.7421875,0.0
285.375,-41.015625,-31.25,-33.69140625,-29.78515625,-44.921875,0.0
285.37890625,-45.8984375,-30.76171875,-33.203125,-40.52734375,-59.08203125,0.0
285.3828125,-30.2734375,-33.203125,-35.64453125,-33.203125,-66.40625,0.0
285.38671875,-30.2734375,-34.1796875,-34.1796875,-41.50390625,4.39453125,0.0
285.390625,-41.015625,-41.015625,-35.15625,-45.8984375,75.1953125,0.0
285.39453125,-41.9921875,-41.50390625,-33.203125,-45.41015625,11.23046875,0.0
285.3984375,-40.0390625,-32.71484375,-32.2265625,-36.62109375,-40.52734375,0.0
285.40234375,-29.296875,-37.59765625,-37.59765625,-29.78515625,-62.01171875,0.0
285.40625,-17.08984375,-38.57421875,-38.57421875,-37.109375,-73.73046875,0.0
285.41015625,-24.4140625,-27.34375,-34.66796875,-37.109375,-75.1953125,0.0
285.4140625,-31.25,-30.76171875,-24.4140625,-18.5546875,-36.62109375,0.0
285.41796875,-41.015625,-34.66796875,-21.97265625,-25.87890625,-5.37109375,0.0
285.421875,-36.1328125,-32.2265625,-26.3671875,-54.6875,-65.91796875,0.0
285.42578125,-17.08984375,-35.15625,-19.04296875,-37.109375,-107.421875,0.0
285.4296875,-22.4609375,-38.57421875,-20.5078125,-32.2265625,-50.78125,0.0
285.43359375,-24.4140625,-41.50390625,-32.2265625,-40.52734375,10.25390625,0.0
285.4375,-25.390625,-33.69140625,-41.015625,-41.9921875,-5.37109375,0.0
285.44140625,-8.30078125,-30.76171875,-32.2265625,-37.109375,-30.76171875,0.0
285.4453125,-14.16015625,-32.2265625,-27.34375,-31.25,-45.41015625,0.0
285.44921875,-26.3671875,-27.83203125,-36.62109375,-33.69140625,-52.734375,0.0
285.453125,-22.94921875,-27.34375,-32.2265625,-26.3671875,-1.46484375,0.0
285.45703125,-50.29296875,-25.390625,-21.484375,-23.4375,34.66796875,0.0
285.4609375,-58.10546875,-25.87890625,-24.4140625,-32.2265625,-27.34375,0.0
285.46484375,-54.6875,-31.25,-27.34375,-42.48046875,-113.76953125,0.0
285.46875,-50.29296875,-28.80859375,-27.34375,-37.59765625,-123.046875,0.0
285.47265625,-47.36328125,-26.85546875,-35.64453125,-33.69140625,-36.1328125,0.0
285.4765625,-51.26953125,-35.15625,-43.45703125,-36.1328125,19.53125,0.0
285.48046875,-45.8984375,-39.0625,-45.8984375,-41.50390625,14.6484375,0.0
285.484375,-36.1328125,-26.3671875,-38.57421875,-41.015625,28.80859375,0.0
285.48828125,-34.66796875,-24.4140625,-32.71484375,-41.50390625,-48.33984375,0.0
285.4921875,-38.0859375,-29.78515625,-32.71484375,-38.57421875,-76.66015625,0.0
285.49609375,-43.9453125,-22.4609375,-39.55078125,-47.8515625,25.87890625,0.0
285.5,-33.69140625,-27.34375,-36.1328125,-42.48046875,0.0,0.0
285.50390625,-27.34375,-38.57421875,-17.08984375,-42.48046875,-51.7578125,0.0
285.5078125,-38.0859375,-31.73828125,-22.94921875,-40.0390625,-7.8125,0.0
285.51171875,-49.31640625,-29.296875,-33.69140625,-28.80859375,-25.390625,0.0
285.515625,-45.41015625,-34.1796875,-32.71484375,-37.109375,-84.9609375,0.0
285.51953125,-42.96875,-42.96875,-33.203125,-40.0390625,-66.89453125,0.0
285.5234375,-37.109375,-40.0390625,-28.3203125,-33.69140625,-57.12890625,0.0
285.52734375,-32.2265625,-25.87890625,-19.04296875,-32.2265625,-56.15234375,0.0
285.53125,-33.203125,-25.390625,-12.20703125,-23.92578125,-20.99609375,0.0
285.53515625,-36.62109375,-30.76171875,-21.97265625,-22.94921875,-87.890625,0.0
285.5390625,-26.3671875,-24.90234375,-32.2265625,-23.4375,-83.0078125,0.0
285.54296875,-20.5078125,-19.53125,-29.296875,-20.99609375,-55.6640625,0.0
285.546875,-21.484375,-30.2734375,-30.2734375,-20.99609375,-141.11328125,0.0
285.55078125,-20.01953125,-33.69140625,-30.76171875,-11.71875,-158.69140625,0.0
285.5546875,-42.96875,-28.80859375,-25.87890625,-18.06640625,-112.3046875,0.0
285.55859375,-42.96875,-36.1328125,-24.4140625,-24.90234375,-112.3046875,0.0
285.5625,-29.296875,-44.43359375,-22.4609375,-30.76171875,-117.67578125,0.0
285.56640625,-38.57421875,-41.50390625,-25.87890625,-36.62109375,-130.859375,0.0
285.5703125,-39.0625,-27.83203125,-29.78515625,-35.15625,-159.66796875,0.0
285.57421875,-40.0390625,-23.92578125,-25.390625,-23.92578125,-66.89453125,0.0
285.578125,-45.8984375,-23.92578125,-25.87890625,-23.4375,11.71875,0.0
285.58203125,-44.921875,-24.90234375,-33.69140625,-37.109375,-29.296875,0.0
285.5859375,-23.4375,-23.92578125,-34.66796875,-31.73828125,-22.94921875,0.0
285.58984375,-20.5078125,-27.34375,-20.99609375,-20.99609375,-9.27734375,0.0
285.59375,-41.015625,-33.203125,-4.39453125,-17.578125,22.94921875,0.0
285.59765625,-45.41015625,-32.71484375,-20.5078125,-34.1796875,74.70703125,0.0
285.6015625,-28.80859375,-32.71484375,-37.109375,-39.55078125,30.76171875,0.0
285.60546875,-8.7890625,-29.296875,-33.203125,-39.0625,-93.75,0.0
285.609375,-27.34375,-27.83203125,-31.25,-33.203125,-127.9296875,0.0
285.61328125,-56.640625,-30.2734375,-35.15625,-21.484375,-62.01171875,0.0
285.6171875,-36.1328125,-29.296875,-38.0859375,-29.78515625,18.5546875,0.0
285.62109375,-24.90234375,-27.83203125,-39.55078125,-39.55078125,32.2265625,0.0
285.625,-45.41015625,-33.203125,-38.0859375,-41.50390625,23.92578125,0.0
285.62890625,-37.109375,-34.66796875,-31.25,-19.53125,51.26953125,0.0
285.6328125,-32.2265625,-27.83203125,-26.3671875,-11.71875,-2.9296875,0.0
285.63671875,-50.78125,-31.25,-18.06640625,-20.99609375,-25.390625,0.0
285.640625,-37.109375,-36.62109375,-28.80859375,-40.52734375,-3.90625,0.0
285.64453125,-27.83203125,-31.25,-37.59765625,-22.4609375,-21.484375,0.0
285.6484375,-32.71484375,-32.2265625,-31.25,-15.13671875,-11.23046875,0.0
285.65234375,-40.0390625,-31.25,-30.76171875,-28.80859375,29.78515625,0.0
285.65625,-42.48046875,-23.4375,-31.25,-25.390625,47.8515625,0.0
285.66015625,-29.296875,-20.01953125,-28.3203125,-40.0390625,-31.73828125,0.0
285.6640625,-29.296875,-26.3671875,-27.83203125,-37.59765625,-82.51953125,0.0
285.66796875,-31.73828125,-30.76171875,-25.390625,-24.90234375,-32.71484375,0.0
285.671875,-38.0859375,-33.203125,-25.87890625,-22.4609375,-4.39453125,0.0
285.67578125,-23.92578125,-36.1328125,-30.76171875,-23.4375,-9.27734375,0.0
285.6796875,-9.27734375,-30.76171875,-26.85546875,-22.4609375,-11.23046875,0.0
285.68359375,-13.671875,-21.97265625,-27.34375,-26.3671875,-35.15625,0.0
285.6875,-22.4609375,-20.01953125,-33.69140625,-25.87890625,-58.10546875,0.0
285.69140625,-25.390625,-20.01953125,-27.83203125,-26.85546875,-75.1953125,0.0
285.6953125,-15.13671875,-21.484375,-14.6484375,-33.203125,-79.58984375,0.0
285.69921875,-11.23046875,-26.3671875,-17.578125,-30.2734375,-51.26953125,0.0
285.703125,-13.18359375,-25.390625,-31.73828125,-34.1796875,41.015625,0.0
285.70703125,-18.06640625,-23.92578125,-34.66796875,-41.015625,74.21875,0.0
285.7109375,-36.1328125,-28.3203125,-37.59765625,-32.2265625,-21.97265625,0.0
285.71484375,-32.71484375,-28.80859375,-36.1328125,-39.55078125,-15.625,0.0
285.71875,-30.2734375,-28.3203125,-28.80859375,-42.48046875,100.09765625,0.0
285.72265625,-33.203125,-33.69140625,-31.25,-35.64453125,19.04296875,0.0
285.7265625,-28.3203125,-35.64453125,-33.69140625,-42.48046875,-73.73046875,0.0
285.73046875,-34.1796875,-40.0390625,-34.66796875,-43.45703125,-39.55078125,0.0
285.734375,-26.3671875,-40.0390625,-43.45703125,-39.0625,-30.2734375,0.0
285.73828125,-25.390625,-35.64453125,-56.15234375,-38.0859375,-31.25,0.0
285.7421875,-35.64453125,-28.80859375,-51.26953125,-42.96875,-28.80859375,0.0
285.74609375,-45.8984375,-22.94921875,-41.9921875,-40.52734375,-34.66796875,0.0
285.75,-50.29296875,-27.83203125,-38.57421875,-35.15625,-105.95703125,0.0
285.75390625,-42.48046875,-29.296875,-25.87890625,-33.69140625,-101.07421875,0.0
285.7578125,-41.015625,-33.203125,-25.87890625,-32.71484375,-26.85546875,0.0
285.76171875,-36.62109375,-40.0390625,-31.73828125,-46.38671875,-30.2734375,0.0
285.765625,-29.296875,-37.59765625,-28.3203125,-44.921875,10.25390625,0.0
285.76953125,-35.15625,-36.1328125,-26.85546875,-27.83203125,22.4609375,0.0
285.7734375,-48.828125,-35.64453125,-27.34375,-25.87890625,-68.359375,0.0
285.77734375,-39.0625,-32.71484375,-27.83203125,-29.78515625,-103.02734375,0.0
285.78125,-33.69140625,-30.76171875,-30.76171875,-29.78515625,-37.59765625,0.0
285.78515625,-31.73828125,-32.71484375,-27.83203125,-35.15625,-9.27734375,0.0
285.7890625,-40.0390625,-31.73828125,-20.5078125,-41.50390625,37.109375,0.0
285.79296875,-52.734375,-25.390625,-27.83203125,-52.24609375,57.12890625,0.0
285.796875,-30.76171875,-27.83203125,-25.390625,-39.55078125,32.71484375,0.0
285.80078125,-29.78515625,-39.55078125,-26.3671875,-26.3671875,4.39453125,0.0
285.8046875,-40.0390625,-42.48046875,-35.64453125,-39.55078125,-60.546875,0.0
285.80859375,-46.38671875,-36.62109375,-36.1328125,-35.64453125,-76.66015625,0.0
285.8125,-44.921875,-35.64453125,-30.2734375,-33.203125,-52.734375,0.0
285.81640625,-40.0390625,-37.109375,-26.3671875,-34.1796875,-27.83203125,0.0
285.8203125,-38.0859375,-27.34375,-37.59765625,-42.96875,-65.91796875,0.0
285.82421875,-34.66796875,-33.69140625,-39.0625,-40.52734375,-196.77734375,0.0
285.828125,-41.015625,-41.015625,-29.296875,-40.0390625,-139.6484375,0.0
285.83203125,-49.8046875,-29.78515625,-26.85546875,-42.96875,-88.8671875,0.0
285.8359375,-57.12890625,-34.1796875,-41.015625,-42.96875,-0.9765625,0.0
285.83984375,-43.9453125,-41.015625,-40.52734375,-51.26953125,89.35546875,0.0
285.84375,-41.015625,-37.109375,-28.3203125,-58.59375,-34.66796875,0.0
285.84765625,-45.41015625,-41.015625,-24.90234375,-55.17578125,-52.24609375,0.0
285.8515625,-47.8515625,-36.1328125,-26.85546875,-37.59765625,8.30078125,0.0
285.85546875,-50.29296875,-30.76171875,-31.25,-42.96875,-33.69140625,0.0
285.859375,-52.734375,-32.2265625,-30.2734375,-49.31640625,-18.5546875,0.0
285.86328125,-34.1796875,-36.1328125,-37.109375,-33.69140625,38.57421875,0.0
285.8671875,-22.4609375,-33.69140625,-35.64453125,-26.3671875,39.55078125,0.0
285.87109375,-37.109375,-33.203125,-32.2265625,-31.73828125,76.66015625,0.0
285.875,-46.875,-41.015625,-38.57421875,-27.83203125,98.6328125,0.0
285.87890625,-34.66796875,-39.55078125,-36.62109375,-34.1796875,10.7421875,0.0
285.8828125,-34.1796875,-28.80859375,-32.71484375,-48.33984375,-64.94140625,0.0
285.88671875,-39.55078125,-23.92578125,-36.1328125,-45.8984375,-63.96484375,0.0
285.890625,-41.50390625,-23.4375,-37.109375,-45.41015625,-38.0859375,0.0
285.89453125,-45.8984375,-26.85546875,-33.69140625,-37.109375,-70.80078125,0.0
285.8984375,-40.0390625,-28.80859375,-31.25,-32.2265625,-39.0625,0.0
285.90234375,-27.83203125,-32.2265625,-37.109375,-40.52734375,38.0859375,0.0
285.90625,-49.8046875,-37.109375,-39.55078125,-40.52734375,16.11328125,0.0
285.91015625,-41.9921875,-31.73828125,-36.62109375,-49.8046875,-45.41015625,0.0
285.9140625,-38.0859375,-26.3671875,-36.1328125,-59.08203125,-80.078125,0.0
285.91796875,-39.0625,-28.80859375,-34.1796875,-38.0859375,-54.6875,0.0
285.921875,-26.3671875,-29.296875,-29.296875,-43.45703125,40.52734375,0.0
285.92578125,-34.1796875,-33.69140625,-28.80859375,-45.41015625,66.40625,0.0
285.9296875,-34.1796875,-28.80859375,-28.3203125,-33.203125,5.37109375,0.0
285.93359375,-40.52734375,-28.3203125,-26.3671875,-34.66796875,-59.08203125,0.0
285.9375,-42.96875,-31.25,-25.390625,-39.55078125,-30.76171875,0.0
285.94140625,-29.296875,-32.71484375,-32.2265625,-41.50390625,-21.484375,0.0
285.9453125,-22.94921875,-32.2265625,-36.62109375,-30.2734375,-46.875,0.0
285.94921875,-28.80859375,-29.296875,-32.71484375,-34.1796875,-39.55078125,0.0
285.953125,-46.875,-32.71484375,-32.71484375,-43.45703125,-30.76171875,0.0
285.95703125,-45.41015625,-31.25,-34.66796875,-41.015625,-51.7578125,0.0
285.9609375,-41.9921875,-33.69140625,-32.71484375,-38.0859375,-58.59375,0.0
285.96484375,-41.50390625,-33.69140625,-25.87890625,-38.0859375,0.48828125,0.0
285.96875,-40.0390625,-28.80859375,-20.99609375,-26.85546875,-84.9609375,0.0
285.97265625,-22.94921875,-32.2265625,-31.73828125,-21.484375,-168.9453125,0.0
285.9765625,-27.34375,-32.2265625,-32.71484375,-27.83203125,-123.53515625,0.0
285.98046875,-36.1328125,-34.66796875,-27.34375,-38.0859375,-102.5390625,0.0
285.984375,-30.76171875,-34.66796875,-27.83203125,-44.43359375,-72.75390625,0.0
285.98828125,-38.0859375,-30.2734375,-29.78515625,-41.50390625,-89.84375,0.0
285.9921875,-40.0390625,-27.34375,-31.73828125,-55.6640625,-102.5390625,0.0
285.99609375,-43.45703125,-29.296875,-30.2734375,-54.6875,-166.9921875,0.0
286.0,-39.0625,-30.76171875,-32.2265625,-32.71484375,-203.61328125,0.0
286.00390625,-36.62109375,-26.3671875,-44.921875,-27.83203125,-231.93359375,0.0
286.0078125,-36.1328125,-27.34375,-43.45703125,-35.64453125,-170.41015625,0.0
286.01171875,-31.25,-32.71484375,-32.71484375,-34.66796875,-157.71484375,0.0
286.015625,-48.828125,-31.25,-31.25,-33.69140625,-97.65625,0.0
286.01953125,-44.921875,-30.2734375,-24.90234375,-29.296875,65.91796875,0.0
286.0234375,-27.83203125,-35.15625,-22.94921875,-37.109375,41.9921875,0.0
286.02734375,-31.73828125,-29.296875,-20.5078125,-37.59765625,-24.4140625,0.0
286.03125,-24.90234375,-25.87890625,-21.484375,-31.73828125,-11.23046875,0.0
286.03515625,-24.4140625,-35.64453125,-28.3203125,-42.48046875,44.921875,0.0
286.0390625,-28.3203125,-38.57421875,-29.78515625,-44.921875,56.640625,0.0
286.04296875,-20.99609375,-38.0859375,-36.1328125,-39.0625,-19.53125,0.0
286.046875,-21.97265625,-35.64453125,-38.57421875,-33.69140625,7.8125,0.0
286.05078125,-27.34375,-26.3671875,-34.66796875,-30.2734375,55.6640625,0.0
286.0546875,-28.80859375,-25.390625,-31.25,-31.73828125,45.8984375,0.0
286.05859375,-29.296875,-33.69140625,-32.71484375,-36.62109375,-5.37109375,0.0
286.0625,-36.62109375,-37.109375,-32.2265625,-47.36328125,-60.05859375,0.0
286.06640625,-28.3203125,-29.296875,-32.71484375,-57.6171875,53.7109375,0.0
286.0703125,-33.69140625,-27.83203125,-25.390625,-39.0625,65.4296875,0.0
286.07421875,-42.48046875,-35.15625,-18.5546875,-31.25,3.90625,0.0
286.078125,-27.34375,-35.64453125,-26.85546875,-37.109375,86.9140625,0.0
286.08203125,-19.04296875,-31.25,-27.83203125,-36.1328125,45.41015625,0.0
286.0859375,-19.53125,-29.78515625,-26.3671875,-38.57421875,-92.7734375,0.0
286.08984375,-27.34375,-32.2265625,-28.80859375,-35.15625,-97.65625,0.0
286.09375,-41.9921875,-32.71484375,-34.66796875,-32.71484375,15.625,0.0
286.09765625,-31.73828125,-33.203125,-39.0625,-37.59765625,45.8984375,0.0
286.1015625,-20.01953125,-36.62109375,-32.71484375,-45.41015625,-82.51953125,0.0
286.10546875,-32.2265625,-31.25,-31.25,-41.9921875,-101.07421875,0.0
286.109375,-30.76171875,-25.390625,-39.55078125,-24.90234375,-53.7109375,0.0
286.11328125,-26.85546875,-32.2265625,-28.80859375,-24.90234375,-77.1484375,0.0
286.1171875,-30.76171875,-35.15625,-19.04296875,-33.69140625,-60.05859375,0.0
286.12109375,-24.90234375,-36.1328125,-27.83203125,-33.69140625,-85.9375,0.0
286.125,-26.3671875,-31.25,-32.2265625,-41.9921875,-13.671875,0.0
286.12890625,-29.78515625,-31.73828125,-28.3203125,-45.8984375,26.3671875,0.0
286.1328125,-30.76171875,-31.73828125,-28.3203125,-44.43359375,-80.56640625,0.0
286.13671875,-26.85546875,-27.34375,-36.62109375,-40.52734375,-86.42578125,0.0
286.140625,-20.5078125,-23.92578125,-38.0859375,-31.73828125,-102.5390625,0.0
286.14453125,-33.69140625,-25.390625,-37.109375,-35.15625,-59.08203125,0.0
286.1484375,-44.921875,-31.25,-31.73828125,-31.25,2.44140625,0.0
286.15234375,-24.4140625,-31.73828125,-31.25,-30.76171875,-38.0859375,0.0
286.15625,-40.52734375,-29.78515625,-34.1796875,-40.0390625,-12.20703125,0.0
286.16015625,-45.41015625,-33.203125,-28.3203125,-44.921875,-21.97265625,0.0
286.1640625,-24.90234375,-33.69140625,-25.390625,-40.52734375,-176.7578125,0.0
286.16796875,-24.4140625,-26.3671875,-29.296875,-42.96875,-154.296875,0.0
286.171875,-19.04296875,-21.97265625,-22.4609375,-36.1328125,-108.3984375,0.0
286.17578125,-14.16015625,-29.296875,-20.01953125,-25.390625,-186.5234375,0.0
286.1796875,-20.01953125,-30.76171875,-29.78515625,-32.71484375,-29.78515625,0.0
286.18359375,-20.01953125,-32.71484375,-28.80859375,-27.83203125,55.6640625,0.0
286.1875,-26.85546875,-36.1328125,-29.78515625,-25.87890625,-3.90625,0.0
286.19140625,-41.9921875,-34.1796875,-29.296875,-22.4609375,32.71484375,0.0
286.1953125,-46.38671875,-35.64453125,-26.3671875,-17.08984375,-29.78515625,0.0
286.19921875,-40.0390625,-34.1796875,-27.83203125,-30.2734375,-0.48828125,0.0
286.203125,-41.015625,-37.109375,-21.97265625,-46.875,66.89453125,0.0
286.20703125,-32.71484375,-34.1796875,-30.76171875,-28.3203125,-32.2265625,0.0
286.2109375,-35.15625,-28.80859375,-34.1796875,-20.01953125,-37.59765625,0.0
286.21484375,-48.33984375,-31.73828125,-27.83203125,-29.78515625,30.76171875,0.0
286.21875,-46.875,-32.2265625,-27.83203125,-34.1796875,20.99609375,0.0
286.22265625,-33.69140625,-30.76171875,-37.109375,-39.0625,26.85546875,0.0
286.2265625,-34.66796875,-27.34375,-40.52734375,-39.55078125,32.2265625,0.0
286.23046875,-44.921875,-26.85546875,-36.1328125,-38.57421875,8.7890625,0.0
286.234375,-42.48046875,-30.2734375,-37.59765625,-24.90234375,29.78515625,0.0
286.23828125,-36.1328125,-30.2734375,-38.57421875,-24.90234375,47.8515625,0.0
286.2421875,-26.3671875,-31.73828125,-36.1328125,-37.59765625,-81.0546875,0.0
286.24609375,-14.16015625,-24.4140625,-34.1796875,-34.66796875,-187.5,0.0
286.25,-17.578125,-25.87890625,-31.73828125,-28.3203125,-136.71875,0.0
286.25390625,-37.109375,-36.1328125,-29.296875,-29.78515625,-132.32421875,0.0
286.2578125,-36.62109375,-36.62109375,-32.71484375,-41.015625,-115.72265625,0.0
286.26171875,-30.76171875,-39.0625,-35.15625,-46.38671875,-146.484375,0.0
286.265625,-32.71484375,-40.52734375,-35.15625,-37.59765625,-228.02734375,0.0
286.26953125,-32.71484375,-29.78515625,-34.1796875,-22.4609375,-106.4453125,0.0
286.2734375,-41.9921875,-21.484375,-30.2734375,-6.34765625,-104.00390625,0.0
286.27734375,-35.15625,-26.3671875,-25.390625,-23.4375,-155.2734375,0.0
286.28125,-28.3203125,-27.34375,-30.2734375,-33.203125,-40.0390625,0.0
286.28515625,-33.203125,-19.04296875,-37.59765625,-26.3671875,-8.7890625,0.0
286.2890625,-22.94921875,-18.5546875,-30.2734375,-19.53125,-37.109375,0.0
286.29296875,-26.3671875,-27.83203125,-26.3671875,-21.97265625,-6.34765625,0.0
286.296875,-27.83203125,-29.296875,-22.4609375,-20.01953125,66.40625,0.0
286.30078125,-12.6953125,-28.80859375,-30.2734375,-28.3203125,109.375,0.0
286.3046875,-24.90234375,-24.4140625,-37.59765625,-33.203125,78.61328125,0.0
286.30859375,-41.50390625,-25.87890625,-34.66796875,-26.85546875,40.52734375,0.0
286.3125,-30.76171875,-32.2265625,-31.25,-35.15625,19.53125,0.0
286.31640625,-22.94921875,-22.94921875,-26.3671875,-24.90234375,87.40234375,0.0
286.3203125,-20.99609375,-21.97265625,-30.2734375,-19.04296875,76.171875,0.0
286.32421875,-16.6015625,-25.87890625,-35.15625,-23.92578125,-2.9296875,0.0
286.328125,-36.1328125,-25.87890625,-34.1796875,-26.85546875,1.46484375,0.0
286.33203125,-51.7578125,-24.90234375,-33.203125,-29.296875,64.94140625,0.0
286.3359375,-42.96875,-24.4140625,-35.15625,-22.94921875,37.109375,0.0
286.33984375,-41.015625,-29.78515625,-24.4140625,-22.4609375,-49.31640625,0.0
286.34375,-46.38671875,-31.73828125,-10.25390625,-31.73828125,-80.078125,0.0
286.34765625,-30.76171875,-23.4375,-18.5546875,-30.2734375,-63.96484375,0.0
286.3515625,-23.4375,-24.4140625,-22.4609375,-29.296875,-28.80859375,0.0
286.35546875,-20.99609375,-26.85546875,-18.06640625,-31.25,-24.4140625,0.0
286.359375,-26.85546875,-28.80859375,-21.97265625,-41.9921875,2.9296875,0.0
286.36328125,-29.296875,-32.71484375,-23.4375,-45.8984375,19.53125,0.0
286.3671875,-26.3671875,-31.73828125,-22.4609375,-37.109375,-20.01953125,0.0
286.37109375,-37.59765625,-35.64453125,-24.90234375,-34.66796875,-59.5703125,0.0
286.375,-51.26953125,-38.57421875,-35.15625,-39.55078125,-9.765625,0.0
286.37890625,-54.19921875,-37.109375,-42.48046875,-43.9453125,36.62109375,0.0
286.3828125,-35.15625,-31.73828125,-38.57421875,-43.45703125,-42.48046875,0.0
286.38671875,-34.66796875,-34.66796875,-29.78515625,-52.24609375,-23.4375,0.0
286.390625,-40.0390625,-40.52734375,-29.78515625,-55.6640625,-37.109375,0.0
286.39453125,-37.59765625,-36.1328125,-29.78515625,-27.83203125,-59.08203125,0.0
286.3984375,-41.015625,-44.921875,-28.3203125,-28.80859375,-16.11328125,0.0
286.40234375,-38.57421875,-41.9921875,-27.83203125,-47.36328125,-2.44140625,0.0
286.40625,-21.484375,-27.83203125,-29.78515625,-31.73828125,29.78515625,0.0
286.41015625,-23.4375,-26.85546875,-29.78515625,-24.4140625,78.61328125,0.0
286.4140625,-42.48046875,-30.76171875,-27.34375,-29.78515625,25.87890625,0.0
286.41796875,-36.62109375,-33.203125,-32.2265625,-36.1328125,-51.7578125,0.0
286.421875,-24.4140625,-33.69140625,-34.66796875,-38.0859375,-58.59375,0.0
286.42578125,-21.484375,-36.62109375,-36.62109375,-35.64453125,-29.296875,0.0
286.4296875,-20.99609375,-33.69140625,-30.76171875,-32.2265625,-19.04296875,0.0
286.43359375,-30.76171875,-30.76171875,-21.484375,-39.55078125,-24.4140625,0.0
286.4375,-40.52734375,-36.1328125,-30.2734375,-54.6875,-11.23046875,0.0
286.44140625,-34.1796875,-35.15625,-39.55078125,-45.41015625,-4.39453125,0.0
286.4453125,-22.94921875,-37.59765625,-30.2734375,-33.69140625,-62.01171875,0.0
286.44921875,-37.59765625,-48.828125,-25.390625,-45.41015625,-88.37890625,0.0
286.453125,-40.0390625,-47.36328125,-29.78515625,-43.45703125,-70.80078125,0.0
286.45703125,-32.71484375,-36.1328125,-22.4609375,-28.3203125,-58.10546875,0.0
286.4609375,-25.87890625,-36.1328125,-27.34375,-31.25,-113.28125,0.0
286.46484375,-13.671875,-33.69140625,-27.34375,-24.4140625,-118.65234375,0.0
286.46875,-27.34375,-30.76171875,-21.97265625,-31.25,-70.80078125,0.0
286.47265625,-27.83203125,-29.78515625,-20.5078125,-34.66796875,-125.9765625,0.0
286.4765625,-12.6953125,-33.203125,-15.625,-25.87890625,-67.87109375,0.0
286.48046875,-17.08984375,-41.015625,-24.4140625,-37.59765625,20.01953125,0.0
286.484375,-22.4609375,-38.0859375,-26.3671875,-37.59765625,-1.46484375,0.0
286.48828125,-25.87890625,-37.109375,-23.4375,-23.4375,-80.56640625,0.0
286.4921875,-12.20703125,-36.1328125,-14.16015625,-13.671875,-19.53125,0.0
286.49609375,-21.97265625,-33.69140625,-19.04296875,-17.08984375,3.41796875,0.0
286.5,-35.64453125,-36.62109375,-35.64453125,-41.9921875,-63.96484375,0.0
286.50390625,-26.85546875,-38.0859375,-41.50390625,-44.43359375,-83.984375,0.0
286.5078125,-34.66796875,-31.73828125,-34.1796875,-28.80859375,-62.01171875,0.0
286.51171875,-36.1328125,-33.203125,-30.2734375,-39.55078125,-35.15625,0.0
286.515625,-27.83203125,-34.66796875,-32.2265625,-23.92578125,-46.38671875,0.0
286.51953125,-26.85546875,-34.1796875,-29.296875,-15.625,-60.546875,0.0
286.5234375,-31.25,-38.0859375,-30.76171875,-34.66796875,-59.08203125,0.0
286.52734375,-32.71484375,-35.64453125,-34.66796875,-33.69140625,-77.1484375,0.0
286.53125,-23.4375,-32.71484375,-40.0390625,-32.2265625,8.30078125,0.0
286.53515625,-29.78515625,-34.1796875,-33.69140625,-40.0390625,63.4765625,0.0
286.5390625,-35.15625,-34.1796875,-14.6484375,-29.78515625,-12.20703125,0.0
286.54296875,-41.015625,-34.1796875,-16.6015625,-26.85546875,-43.9453125,0.0
286.546875,-32.2265625,-38.57421875,-28.80859375,-39.0625,12.20703125,0.0
286.55078125,-26.85546875,-35.15625,-30.76171875,-34.1796875,7.32421875,0.0
286.5546875,-21.97265625,-30.2734375,-27.83203125,-26.3671875,9.765625,0.0
286.55859375,-19.04296875,-31.25,-25.87890625,-31.73828125,7.32421875,0.0
286.5625,-24.90234375,-30.2734375,-32.71484375,-41.015625,-68.84765625,0.0
286.56640625,-19.04296875,-29.296875,-37.109375,-39.0625,-139.6484375,0.0
286.5703125,-32.71484375,-33.69140625,-39.0625,-28.3203125,-123.53515625,0.0
286.57421875,-44.43359375,-34.66796875,-39.55078125,-32.71484375,-36.1328125,0.0
286.578125,-28.80859375,-28.80859375,-36.62109375,-56.15234375,6.8359375,0.0
286.58203125,-22.94921875,-24.4140625,-30.2734375,-42.48046875,-13.18359375,0.0
286.5859375,-30.76171875,-26.3671875,-29.296875,-25.87890625,-36.62109375,0.0
286.58984375,-29.78515625,-32.2265625,-26.3671875,-32.2265625,24.90234375,0.0
286.59375,-29.78515625,-32.2265625,-28.3203125,-35.64453125,79.1015625,0.0
286.59765625,-31.25,-27.83203125,-32.71484375,-42.48046875,7.32421875,0.0
286.6015625,-32.2265625,-33.69140625,-28.3203125,-37.59765625,-74.70703125,0.0
286.60546875,-32.2265625,-40.0390625,-26.85546875,-34.66796875,-88.8671875,0.0
286.609375,-31.73828125,-41.50390625,-33.203125,-35.64453125,-73.73046875,0.0
286.61328125,-29.78515625,-40.52734375,-35.15625,-26.3671875,-4.39453125,0.0
286.6171875,-33.69140625,-35.64453125,-30.76171875,-32.71484375,62.98828125,0.0
286.62109375,-36.1328125,-39.0625,-35.15625,-45.8984375,40.0390625,0.0
286.625,-28.3203125,-42.96875,-33.69140625,-38.0859375,69.3359375,0.0
286.62890625,-50.78125,-44.921875,-27.34375,-33.69140625,57.6171875,0.0
286.6328125,-72.265625,-41.9921875,-39.55078125,-42.48046875,0.0,0.0
286.63671875,-69.3359375,-37.59765625,-41.015625,-43.45703125,39.0625,0.0
286.640625,-56.15234375,-33.69140625,-40.0390625,-55.17578125,11.71875,0.0
286.64453125,-49.8046875,-30.2734375,-40.52734375,-49.8046875,-95.703125,0.0
286.6484375,-51.7578125,-29.296875,-32.71484375,-44.921875,-54.6875,0.0
286.65234375,-55.17578125,-37.59765625,-32.2265625,-52.24609375,5.37109375,0.0
286.65625,-53.7109375,-39.0625,-33.203125,-38.57421875,-42.48046875,0.0
286.66015625,-46.875,-31.73828125,-33.69140625,-38.0859375,-79.1015625,0.0
286.6640625,-34.1796875,-35.64453125,-32.71484375,-41.9921875,-77.63671875,0.0
286.66796875,-16.6015625,-32.2265625,-35.64453125,-41.015625,14.6484375,0.0
286.671875,-24.4140625,-30.2734375,-38.0859375,-37.59765625,37.59765625,0.0
286.67578125,-38.57421875,-35.64453125,-41.50390625,-29.78515625,14.6484375,0.0
286.6796875,-32.2265625,-33.69140625,-41.9921875,-17.08984375,8.7890625,0.0
286.68359375,-38.0859375,-32.71484375,-37.59765625,-35.64453125,-1.953125,0.0
286.6875,-31.73828125,-29.78515625,-26.85546875,-39.0625,-9.27734375,0.0
286.69140625,-32.71484375,-37.109375,-26.85546875,-23.4375,-2.44140625,0.0
286.6953125,-40.0390625,-38.0859375,-34.1796875,-25.390625,-30.76171875,0.0
286.69921875,-33.203125,-28.80859375,-36.1328125,-29.296875,-81.0546875,0.0
286.703125,-30.76171875,-36.62109375,-32.2265625,-39.55078125,-44.43359375,0.0
286.70703125,-36.62109375,-41.50390625,-24.90234375,-38.57421875,21.97265625,0.0
286.7109375,-43.45703125,-39.0625,-28.80859375,-33.69140625,-76.66015625,0.0
286.71484375,-46.38671875,-42.48046875,-31.25,-35.15625,-154.296875,0.0
286.71875,-50.78125,-41.9921875,-24.90234375,-40.0390625,-160.64453125,0.0
286.72265625,-47.36328125,-43.45703125,-31.73828125,-33.203125,-159.1796875,0.0
286.7265625,-36.62109375,-44.43359375,-35.64453125,-25.87890625,-178.7109375,0.0
286.73046875,-36.1328125,-40.52734375,-37.109375,-25.390625,-84.9609375,0.0
286.734375,-37.59765625,-29.296875,-42.96875,-24.90234375,-2.44140625,0.0
286.73828125,-29.78515625,-25.87890625,-39.55078125,-22.4609375,-5.37109375,0.0
286.7421875,-24.4140625,-30.76171875,-34.66796875,-34.66796875,19.04296875,0.0
286.74609375,-23.4375,-34.1796875,-30.76171875,-44.921875,10.7421875,0.0
286.75,-41.50390625,-30.2734375,-23.4375,-29.296875,-78.61328125,0.0
286.75390625,-25.87890625,-26.85546875,-27.34375,-25.87890625,-107.421875,0.0
286.7578125,-9.765625,-26.85546875,-29.296875,-38.0859375,-32.2265625,0.0
286.76171875,-21.484375,-27.83203125,-22.94921875,-37.59765625,-3.90625,0.0
286.765625,-22.94921875,-28.3203125,-19.04296875,-34.66796875,-61.03515625,0.0
286.76953125,-36.62109375,-29.78515625,-18.06640625,-34.66796875,-52.24609375,0.0
286.7734375,-27.34375,-28.3203125,-22.94921875,-28.80859375,14.16015625,0.0
286.77734375,-20.5078125,-26.3671875,-28.80859375,-24.90234375,29.78515625,0.0
286.78125,-31.73828125,-33.203125,-39.55078125,-32.71484375,55.17578125,0.0
286.78515625,-26.85546875,-42.48046875,-53.7109375,-34.66796875,37.59765625,0.0
286.7890625,-38.57421875,-43.9453125,-49.31640625,-39.0625,-37.109375,0.0
286.79296875,-44.43359375,-35.64453125,-31.25,-33.69140625,-22.94921875,0.0
286.796875,-41.50390625,-28.80859375,-27.34375,-40.0390625,-39.0625,0.0
286.80078125,-46.38671875,-27.83203125,-28.80859375,-57.12890625,-57.6171875,0.0
286.8046875,-44.921875,-30.2734375,-28.3203125,-54.19921875,-57.6171875,0.0
286.80859375,-50.29296875,-34.1796875,-34.66796875,-43.45703125,-1.953125,0.0
286.8125,-63.4765625,-39.0625,-36.1328125,-61.5234375,83.984375,0.0
286.81640625,-37.59765625,-37.59765625,-35.64453125,-45.8984375,40.52734375,0.0
286.8203125,-28.80859375,-34.66796875,-25.87890625,-24.90234375,-60.05859375,0.0
286.82421875,-35.15625,-31.73828125,-12.20703125,-33.203125,-99.609375,0.0
286.828125,-36.1328125,-29.296875,-28.3203125,-36.62109375,-34.1796875,0.0
286.83203125,-40.0390625,-30.2734375,-37.59765625,-33.203125,43.9453125,0.0
286.8359375,-38.57421875,-27.34375,-30.76171875,-28.80859375,6.8359375,0.0
286.83984375,-40.52734375,-31.73828125,-33.69140625,-44.43359375,-23.92578125,0.0
286.84375,-40.52734375,-39.55078125,-37.59765625,-51.26953125,-72.75390625,0.0
286.84765625,-50.29296875,-42.96875,-39.0625,-42.96875,-182.12890625,0.0
286.8515625,-57.12890625,-36.1328125,-34.66796875,-33.69140625,-120.60546875,0.0
286.85546875,-48.828125,-32.2265625,-37.59765625,-37.59765625,-32.2265625,0.0
286.859375,-45.41015625,-43.9453125,-42.48046875,-41.015625,-104.4921875,0.0
286.86328125,-33.69140625,-44.921875,-44.921875,-37.59765625,-129.39453125,0.0
286.8671875,-41.50390625,-33.203125,-38.0859375,-38.57421875,-39.0625,0.0
286.87109375,-39.0625,-28.80859375,-36.62109375,-33.69140625,20.01953125,0.0
286.875,-36.62109375,-26.3671875,-39.55078125,-19.53125,-19.04296875,0.0
286.87890625,-39.55078125,-23.92578125,-41.015625,-38.0859375,-76.171875,0.0
286.8828125,-0.48828125,-24.4140625,-37.59765625,-23.4375,-69.82421875,0.0
286.88671875,12.6953125,-23.4375,-32.2265625,0.9765625,-1.46484375,0.0
286.890625,-39.55078125,-27.34375,-35.64453125,-66.40625,32.71484375,0.0
286.89453125,-65.91796875,-34.1796875,-33.69140625,-89.35546875,-29.78515625,0.0
286.8984375,-49.8046875,-31.25,-39.0625,-67.87109375,-132.32421875,0.0
286.90234375,-42.96875,-35.15625,-40.0390625,-79.58984375,-120.1171875,0.0
286.90625,-63.96484375,-39.0625,-35.64453125,-89.84375,-87.40234375,0.0
286.91015625,-73.73046875,-38.57421875,-31.25,-83.984375,-126.46484375,0.0
286.9140625,-75.1953125,-44.921875,-24.4140625,-82.51953125,-119.140625,0.0
286.91796875,-81.54296875,-38.0859375,-36.1328125,-89.84375,-101.5625,0.0
286.921875,-84.47265625,-29.78515625,-42.96875,-73.2421875,-105.46875,0.0
286.92578125,-63.96484375,-29.78515625,-38.0859375,-56.15234375,-145.01953125,0.0
286.9296875,-55.17578125,-29.296875,-34.1796875,-62.5,-79.1015625,0.0
286.93359375,-68.359375,-30.76171875,-26.3671875,-60.546875,11.71875,0.0
286.9375,-61.5234375,-31.73828125,-26.3671875,-56.640625,-6.8359375,0.0
286.94140625,-62.01171875,-29.78515625,-32.2265625,-60.05859375,-7.32421875,0.0
286.9453125,-46.875,-32.2265625,-29.296875,-69.82421875,-25.87890625,0.0
286.94921875,-39.0625,-32.71484375,-29.78515625,-57.6171875,-85.9375,0.0
286.953125,-44.43359375,-34.1796875,-31.25,-38.0859375,-51.7578125,0.0
286.95703125,-45.41015625,-32.2265625,-30.2734375,-39.55078125,-39.0625,0.0
286.9609375,-41.50390625,-29.78515625,-41.015625,-43.45703125,-64.453125,0.0
286.96484375,-28.80859375,-36.1328125,-42.48046875,-37.109375,-24.4140625,0.0
286.96875,-31.73828125,-33.203125,-34.66796875,-33.69140625,0.48828125,0.0
286.97265625,-50.29296875,-28.80859375,-30.76171875,-35.64453125,-25.390625,0.0
286.9765625,-53.7109375,-28.80859375,-27.34375,-41.9921875,-15.625,0.0
286.98046875,-32.71484375,-29.296875,-32.2265625,-50.29296875,31.25,0.0
286.984375,-29.78515625,-38.0859375,-28.3203125,-37.59765625,-6.8359375,0.0
286.98828125,-41.015625,-34.66796875,-25.87890625,-29.296875,-41.015625,0.0
286.9921875,-33.203125,-32.2265625,-31.73828125,-35.64453125,-11.71875,0.0
286.99609375,-31.25,-36.62109375,-34.1796875,-34.1796875,23.92578125,0.0
287.0,-38.57421875,-41.50390625,-34.1796875,-30.2734375,-1.46484375,0.0
287.00390625,-32.71484375,-44.921875,-26.3671875,-43.9453125,2.9296875,0.0
287.0078125,-27.83203125,-24.4140625,-21.97265625,-37.59765625,1.46484375,0.0
287.01171875,-36.62109375,-19.04296875,-32.2265625,-33.203125,-19.53125,0.0
287.015625,-45.8984375,-42.48046875,-39.55078125,-28.3203125,8.7890625,0.0
287.01953125,-30.2734375,-42.48046875,-30.76171875,-29.78515625,86.42578125,0.0
287.0234375,-32.71484375,-24.4140625,-27.83203125,-51.26953125,56.15234375,0.0
287.02734375,-37.59765625,-26.3671875,-36.62109375,-53.22265625,-31.73828125,0.0
287.03125,-29.296875,-36.62109375,-43.45703125,-48.33984375,-48.828125,0.0
287.03515625,-39.55078125,-36.1328125,-45.8984375,-34.1796875,-44.43359375,0.0
287.0390625,-23.92578125,-32.2265625,-43.9453125,-16.11328125,-16.6015625,0.0
287.04296875,-10.7421875,-34.1796875,-31.73828125,-32.71484375,7.8125,0.0
287.046875,-19.53125,-32.2265625,-9.765625,-38.0859375,12.6953125,0.0
287.05078125,-23.92578125,-20.99609375,-16.11328125,-32.71484375,22.4609375,0.0
287.0546875,-26.85546875,-19.53125,-25.390625,-38.0859375,50.78125,0.0
287.05859375,-33.203125,-28.80859375,-20.01953125,-26.3671875,41.015625,0.0
287.0625,-15.625,-37.109375,-24.4140625,-25.87890625,-102.5390625,0.0
287.06640625,-11.23046875,-25.390625,-34.1796875,-24.4140625,-141.6015625,0.0
287.0703125,-30.2734375,-19.04296875,-41.015625,-27.83203125,-122.55859375,0.0
287.07421875,-28.3203125,-31.25,-32.2265625,-22.94921875,-65.4296875,0.0
287.078125,19.53125,-33.69140625,-21.484375,6.34765625,40.52734375,0.0
287.08203125,0.0,-17.08984375,-26.3671875,-24.90234375,79.1015625,0.0
287.0859375,-60.05859375,-20.5078125,-35.64453125,-68.359375,25.87890625,0.0
287.08984375,-57.6171875,-30.2734375,-29.296875,-64.453125,-32.2265625,0.0
287.09375,-53.7109375,-37.109375,-21.97265625,-58.59375,10.7421875,0.0
287.09765625,-64.453125,-40.0390625,-47.36328125,-72.75390625,-42.48046875,0.0
287.1015625,-76.66015625,-33.203125,-53.22265625,-82.51953125,-110.83984375,0.0
287.10546875,-69.82421875,-26.3671875,-32.71484375,-85.9375,-100.5859375,0.0
287.109375,-81.54296875,-28.3203125,-40.0390625,-96.6796875,-126.46484375,0.0
287.11328125,-87.890625,-34.66796875,-56.15234375,-95.21484375,-150.87890625,0.0
287.1171875,-79.58984375,-32.2265625,-53.22265625,-81.54296875,-110.83984375,0.0
287.12109375,-68.84765625,-20.01953125,-43.45703125,-83.49609375,-19.53125,0.0
287.125,-57.6171875,-14.16015625,-40.0390625,-76.171875,55.6640625,0.0
287.12890625,-66.40625,-27.83203125,-41.9921875,-58.10546875,57.12890625,0.0
287.1328125,-59.5703125,-34.66796875,-36.62109375,-52.734375,56.15234375,0.0
287.13671875,-42.96875,-34.1796875,-20.99609375,-76.171875,14.16015625,0.0
287.140625,-55.17578125,-29.78515625,-28.80859375,-80.078125,-49.31640625,0.0
287.14453125,-67.3828125,-29.78515625,-42.96875,-57.6171875,-33.69140625,0.0
287.1484375,-47.36328125,-36.62109375,-45.41015625,-59.08203125,-74.70703125,0.0
287.15234375,-38.57421875,-30.2734375,-45.8984375,-50.78125,-51.7578125,0.0
287.15625,-49.8046875,-33.69140625,-43.45703125,-47.8515625,16.6015625,0.0
287.16015625,-44.921875,-45.41015625,-43.45703125,-47.36328125,-4.8828125,0.0
287.1640625,-31.73828125,-41.015625,-42.96875,-46.875,24.4140625,0.0
287.16796875,-30.76171875,-26.85546875,-35.15625,-36.62109375,-1.46484375,0.0
287.171875,-36.62109375,-24.90234375,-32.2265625,-24.4140625,-20.5078125,0.0
287.17578125,-43.45703125,-25.87890625,-35.15625,-35.15625,37.59765625,0.0
287.1796875,-37.109375,-27.34375,-51.7578125,-41.50390625,-0.48828125,0.0
287.18359375,-27.83203125,-41.9921875,-62.5,-34.66796875,-89.84375,0.0
287.1875,-37.109375,-46.875,-45.8984375,-41.015625,-107.421875,0.0
287.19140625,-57.12890625,-44.921875,-31.73828125,-38.57421875,-103.515625,0.0
287.1953125,-53.22265625,-43.45703125,-27.83203125,-36.1328125,-30.2734375,0.0
287.19921875,-53.7109375,-35.64453125,-28.80859375,-54.6875,124.0234375,0.0
287.203125,-66.89453125,-36.1328125,-35.15625,-53.22265625,74.70703125,0.0
287.20703125,-38.0859375,-43.45703125,-38.0859375,-46.38671875,6.8359375,0.0
287.2109375,-30.76171875,-44.43359375,-42.96875,-34.1796875,5.37109375,0.0
287.21484375,-43.45703125,-38.0859375,-41.9921875,-24.4140625,-23.92578125,0.0
287.21875,-39.0625,-28.80859375,-33.69140625,-25.390625,-40.52734375,0.0
287.22265625,-23.4375,-26.85546875,-31.73828125,-42.96875,-88.8671875,0.0
287.2265625,-17.578125,-31.73828125,-26.85546875,-30.2734375,-65.91796875,0.0
287.23046875,-23.4375,-28.80859375,-24.90234375,-20.99609375,18.5546875,0.0
287.234375,-41.015625,-31.25,-31.73828125,-33.69140625,32.2265625,0.0
287.23828125,-49.8046875,-34.66796875,-41.50390625,-24.90234375,19.53125,0.0
287.2421875,-35.64453125,-36.1328125,-34.1796875,-30.2734375,-61.03515625,0.0
287.24609375,-29.78515625,-36.1328125,-38.0859375,-31.25,-76.66015625,0.0
287.25,-42.96875,-24.4140625,-41.50390625,-32.2265625,-63.96484375,0.0
287.25390625,-50.29296875,-19.53125,-29.296875,-40.52734375,-119.140625,0.0
287.2578125,-48.33984375,-25.87890625,-23.92578125,-29.296875,-105.46875,0.0
287.26171875,-39.55078125,-36.62109375,-41.50390625,-25.87890625,-15.625,0.0
287.265625,-30.2734375,-51.26953125,-44.921875,-34.66796875,7.8125,0.0
287.26953125,-30.76171875,-47.8515625,-31.73828125,-36.1328125,30.76171875,0.0
287.2734375,-15.625,-39.55078125,-23.92578125,-11.23046875,53.7109375,0.0
287.27734375,-33.203125,-30.2734375,-32.71484375,-33.203125,10.7421875,0.0
287.28125,-54.19921875,-21.484375,-46.875,-56.15234375,-68.84765625,0.0
287.28515625,-43.9453125,-35.15625,-44.921875,-50.78125,-76.171875,0.0
287.2890625,-45.8984375,-41.015625,-28.80859375,-47.36328125,-107.421875,0.0
287.29296875,-67.87109375,-33.69140625,-33.203125,-56.15234375,-65.4296875,0.0
287.296875,-58.59375,-19.04296875,-41.50390625,-68.84765625,-33.203125,0.0
287.30078125,-49.8046875,-17.578125,-38.57421875,-59.08203125,-72.265625,0.0
287.3046875,-46.38671875,-28.80859375,-42.96875,-53.7109375,-72.75390625,0.0
287.30859375,-34.66796875,-32.2265625,-35.64453125,-47.8515625,-39.55078125,0.0
287.3125,-39.55078125,-31.25,-33.203125,-37.59765625,26.3671875,0.0
287.31640625,-41.50390625,-28.3203125,-36.1328125,-43.9453125,55.6640625,0.0
287.3203125,-36.1328125,-26.3671875,-28.80859375,-44.43359375,21.97265625,0.0
287.32421875,-36.1328125,-24.90234375,-33.203125,-43.9453125,23.4375,0.0
287.328125,-44.921875,-31.73828125,-35.15625,-54.6875,57.12890625,0.0
287.33203125,-41.50390625,-46.875,-26.85546875,-60.05859375,9.765625,0.0
287.3359375,-53.22265625,-41.9921875,-32.2265625,-27.83203125,46.38671875,0.0
287.33984375,-42.96875,-31.25,-43.9453125,-26.85546875,86.9140625,0.0
287.34375,-30.76171875,-36.62109375,-37.59765625,-42.48046875,-52.734375,0.0
287.34765625,-36.62109375,-38.0859375,-26.85546875,-26.3671875,-60.546875,0.0
287.3515625,-39.0625,-19.53125,-25.390625,-23.4375,-28.80859375,0.0
287.35546875,-38.0859375,-20.01953125,-25.87890625,-37.109375,-69.3359375,0.0
287.359375,-36.1328125,-39.55078125,-26.3671875,-40.52734375,-84.9609375,0.0
287.36328125,-41.015625,-38.57421875,-34.1796875,-44.921875,-174.31640625,0.0
287.3671875,-29.78515625,-38.0859375,-41.50390625,-44.43359375,-187.98828125,0.0
287.37109375,-33.203125,-40.0390625,-47.36328125,-37.59765625,-128.41796875,0.0
287.375,-39.0625,-29.78515625,-47.8515625,-39.55078125,-137.20703125,0.0
287.37890625,-45.8984375,-30.76171875,-32.2265625,-40.52734375,-133.30078125,0.0
287.3828125,-37.59765625,-36.1328125,-36.1328125,-40.0390625,-132.32421875,0.0
287.38671875,-25.87890625,-34.66796875,-44.43359375,-28.3203125,-140.625,0.0
287.390625,-36.1328125,-28.3203125,-30.76171875,-32.2265625,-83.984375,0.0
287.39453125,-38.0859375,-30.76171875,-22.4609375,-41.015625,-42.96875,0.0
287.3984375,-41.015625,-31.73828125,-36.62109375,-42.48046875,-2.44140625,0.0
287.40234375,-36.62109375,-31.25,-34.1796875,-38.57421875,22.4609375,0.0
287.40625,-35.15625,-39.0625,-27.83203125,-42.96875,-46.38671875,0.0
287.41015625,-42.48046875,-39.55078125,-34.66796875,-41.9921875,-74.70703125,0.0
287.4140625,-37.59765625,-34.66796875,-43.45703125,-31.73828125,-52.24609375,0.0
287.41796875,-17.08984375,-23.92578125,-35.15625,-32.71484375,-70.80078125,0.0
287.421875,0.9765625,-29.78515625,-11.71875,-30.2734375,-103.515625,0.0
287.42578125,-23.92578125,-46.38671875,-17.578125,-35.64453125,-110.3515625,0.0
287.4296875,-45.8984375,-41.015625,-20.5078125,-38.57421875,-93.26171875,0.0
287.43359375,-47.8515625,-42.48046875,-8.30078125,-31.25,-112.79296875,0.0
287.4375,-68.359375,-58.10546875,5.859375,-42.48046875,-89.35546875,0.0
287.44140625,-59.5703125,-67.3828125,18.5546875,-40.0390625,-33.203125,0.0
287.4453125,-58.59375,-67.87109375,20.01953125,-40.52734375,3.90625,0.0
287.44921875,-75.1953125,-71.2890625,28.80859375,-51.26953125,35.15625,0.0
287.453125,-73.2421875,-75.68359375,35.64453125,-35.15625,78.125,0.0
287.45703125,-78.125,-74.70703125,4.39453125,-15.13671875,30.2734375,0.0
287.4609375,-77.63671875,-72.75390625,12.20703125,-36.1328125,-57.12890625,0.0
287.46484375,-79.1015625,-77.63671875,64.94140625,-44.43359375,19.04296875,0.0
287.46875,-65.91796875,-84.47265625,88.8671875,-34.66796875,90.33203125,0.0
287.47265625,-61.5234375,-86.42578125,69.3359375,-31.25,20.5078125,0.0
287.4765625,-70.3125,-85.9375,47.8515625,-24.90234375,-97.65625,0.0
287.48046875,-63.96484375,-79.1015625,32.71484375,-27.34375,-146.484375,0.0
287.484375,-54.19921875,-73.2421875,21.484375,-29.78515625,-33.69140625,0.0
287.48828125,-47.8515625,-70.3125,20.5078125,-12.6953125,33.69140625,0.0
287.4921875,-49.31640625,-60.546875,7.32421875,0.48828125,0.0,0.0
287.49609375,-48.828125,-63.4765625,13.18359375,-19.04296875,-9.765625,0.0
287.5,-43.9453125,-65.91796875,21.97265625,-26.85546875,-32.71484375,0.0
287.50390625,-50.29296875,-57.12890625,14.6484375,-20.5078125,-40.52734375,0.0
287.5078125,-47.8515625,-52.24609375,9.765625,-19.53125,-3.90625,0.0
287.51171875,-49.8046875,-51.7578125,10.7421875,-13.671875,-37.59765625,0.0
287.515625,-41.015625,-55.17578125,-0.48828125,-15.625,5.37109375,0.0
287.51953125,-37.59765625,-56.640625,-2.9296875,-11.71875,12.20703125,0.0
287.5234375,-30.76171875,-53.22265625,14.16015625,-20.5078125,-54.6875,0.0
287.52734375,-31.25,-60.05859375,0.9765625,-21.484375,-50.78125,0.0
287.53125,-30.76171875,-60.546875,-11.23046875,-9.27734375,6.8359375,0.0
287.53515625,-29.78515625,-55.17578125,-1.46484375,-17.08984375,21.97265625,0.0
287.5390625,-29.78515625,-50.78125,-7.32421875,-22.4609375,27.83203125,0.0
287.54296875,-19.04296875,-39.55078125,-11.23046875,-13.671875,-8.7890625,0.0
287.546875,-18.5546875,-37.109375,-6.8359375,-23.4375,-81.54296875,0.0
287.55078125,-30.76171875,-43.45703125,-17.08984375,-25.390625,-60.05859375,0.0
287.5546875,-33.203125,-45.41015625,-19.53125,-10.7421875,-13.671875,0.0
287.55859375,-20.5078125,-50.78125,-11.23046875,-5.37109375,-85.9375,0.0
287.5625,-15.13671875,-40.0390625,-16.6015625,-18.5546875,-88.37890625,0.0
287.56640625,-23.92578125,-39.0625,-17.08984375,-17.08984375,-110.83984375,0.0
287.5703125,-41.015625,-56.15234375,-10.7421875,-16.6015625,-210.44921875,0.0
287.57421875,-40.52734375,-49.8046875,-22.94921875,-28.3203125,-130.859375,0.0
287.578125,-27.83203125,-38.57421875,-35.64453125,-20.5078125,-26.85546875,0.0
287.58203125,-24.4140625,-42.48046875,-26.3671875,-10.7421875,-72.75390625,0.0
287.5859375,-28.3203125,-52.24609375,-32.2265625,-35.15625,-82.51953125,0.0
287.58984375,-35.15625,-54.19921875,-26.85546875,-26.85546875,-62.98828125,0.0
287.59375,-35.15625,-43.9453125,-16.11328125,-23.92578125,-41.50390625,0.0
287.59765625,-31.25,-42.96875,-39.0625,-30.76171875,-62.98828125,0.0
287.6015625,-32.2265625,-42.48046875,-34.1796875,-23.4375,-114.74609375,0.0
287.60546875,-40.0390625,-41.9921875,-4.8828125,-29.296875,-57.12890625,0.0
287.609375,-52.24609375,-44.921875,-10.7421875,-37.109375,-2.9296875,0.0
287.61328125,-32.2265625,-44.921875,-22.4609375,-29.78515625,-28.80859375,0.0
287.6171875,-24.90234375,-39.0625,-13.671875,-16.6015625,-50.78125,0.0
287.62109375,-32.2265625,-34.66796875,-20.5078125,-17.578125,-55.6640625,0.0
287.625,-25.87890625,-32.2265625,-26.3671875,-20.99609375,-53.7109375,0.0
287.62890625,-30.2734375,-38.0859375,-30.76171875,-28.3203125,23.92578125,0.0
287.6328125,-30.2734375,-47.36328125,-28.80859375,-28.80859375,64.453125,0.0
287.63671875,-20.5078125,-46.38671875,-17.578125,-26.85546875,42.48046875,0.0
287.640625,-17.578125,-31.73828125,-20.01953125,-40.0390625,72.75390625,0.0
287.64453125,-20.99609375,-24.4140625,-29.296875,-38.57421875,101.07421875,0.0
287.6484375,-26.3671875,-34.1796875,-25.87890625,-28.3203125,124.51171875,0.0
287.65234375,-24.90234375,-35.64453125,-16.6015625,-30.76171875,109.86328125,0.0
287.65625,-23.4375,-30.76171875,-17.578125,-37.109375,80.078125,0.0
287.66015625,-4.39453125,-37.109375,-18.5546875,-54.6875,35.64453125,0.0
287.6640625,6.34765625,-46.38671875,-20.99609375,-62.5,-126.46484375,0.0
287.66796875,-4.8828125,-36.62109375,-29.78515625,-38.57421875,-65.91796875,0.0
287.671875,-11.71875,-27.83203125,-31.25,-32.2265625,44.921875,0.0
287.67578125,-24.4140625,-24.90234375,-28.80859375,-34.66796875,-7.32421875,0.0
287.6796875,-44.43359375,-21.97265625,-20.99609375,-30.2734375,8.7890625,0.0
287.68359375,-26.85546875,-33.69140625,-26.85546875,-28.80859375,-10.25390625,0.0
287.6875,-27.83203125,-40.52734375,-37.109375,-20.01953125,-86.42578125,0.0
287.69140625,-49.31640625,-33.203125,-34.66796875,-31.25,-71.77734375,0.0
287.6953125,-38.57421875,-30.76171875,-20.01953125,-39.55078125,-31.25,0.0
287.69921875,-33.69140625,-32.2265625,-14.16015625,-27.83203125,-83.0078125,0.0
287.703125,-25.390625,-32.2265625,-20.01953125,-12.6953125,-77.1484375,0.0
287.70703125,-29.78515625,-36.62109375,-24.90234375,-20.99609375,-74.70703125,0.0
287.7109375,-53.22265625,-49.8046875,-21.484375,-38.57421875,-71.77734375,0.0
287.71484375,-60.05859375,-45.8984375,-27.83203125,-42.96875,-37.59765625,0.0
287.71875,-43.9453125,-33.203125,-30.2734375,-41.9921875,-24.90234375,0.0
287.72265625,-24.4140625,-35.15625,-19.53125,-37.59765625,-71.2890625,0.0
287.7265625,-31.73828125,-42.96875,-20.99609375,-31.73828125,-133.7890625,0.0
287.73046875,-29.78515625,-41.9921875,-25.87890625,-25.87890625,-133.7890625,0.0
287.734375,-25.390625,-29.296875,-20.99609375,-24.90234375,-176.26953125,0.0
287.73828125,-20.01953125,-24.90234375,-20.99609375,-28.3203125,-240.234375,0.0
287.7421875,-16.11328125,-28.3203125,-21.484375,-31.73828125,-274.90234375,0.0
287.74609375,-26.3671875,-37.59765625,-23.92578125,-36.62109375,-187.98828125,0.0
287.75,-28.80859375,-45.41015625,-24.90234375,-28.80859375,-0.9765625,0.0
287.75390625,-26.85546875,-41.015625,-17.578125,-24.4140625,33.203125,0.0
287.7578125,-24.4140625,-40.52734375,-17.08984375,-23.92578125,109.375,0.0
287.76171875,-22.4609375,-40.0390625,-28.3203125,-44.921875,129.8828125,0.0
287.765625,-12.6953125,-39.55078125,-31.25,-28.80859375,50.29296875,0.0
287.76953125,-3.90625,-40.0390625,-22.4609375,16.6015625,17.08984375,0.0
287.7734375,-9.765625,-30.76171875,-30.2734375,3.41796875,49.31640625,0.0
287.77734375,-29.78515625,-20.99609375,-42.96875,-28.80859375,28.80859375,0.0
287.78125,-29.78515625,-18.5546875,-48.828125,-46.875,-21.484375,0.0
287.78515625,-11.71875,-17.08984375,-58.59375,-37.59765625,51.7578125,0.0
287.7890625,3.90625,-11.23046875,-64.94140625,-11.23046875,79.58984375,0.0
287.79296875,1.953125,0.48828125,-70.3125,-8.7890625,16.11328125,0.0
287.796875,-6.8359375,5.37109375,-79.1015625,-22.94921875,29.78515625,0.0
287.80078125,8.7890625,-0.48828125,-87.890625,-27.83203125,54.19921875,0.0
287.8046875,21.484375,2.44140625,-93.26171875,-30.2734375,79.1015625,0.0
287.80859375,20.01953125,7.32421875,-99.12109375,-16.6015625,-3.90625,0.0
287.8125,18.5546875,10.25390625,-94.7265625,0.9765625,-56.640625,0.0
287.81640625,12.6953125,8.30078125,-86.9140625,-3.41796875,55.17578125,0.0
287.8203125,16.11328125,3.41796875,-86.42578125,-16.11328125,75.1953125,0.0
287.82421875,28.80859375,3.41796875,-80.56640625,-20.01953125,-9.27734375,0.0
287.828125,23.92578125,0.0,-75.1953125,-20.01953125,-22.94921875,0.0
287.83203125,20.5078125,-1.953125,-77.1484375,-14.6484375,2.9296875,0.0
287.8359375,7.8125,-2.44140625,-73.2421875,-20.01953125,-63.96484375,0.0
287.83984375,2.9296875,-0.48828125,-69.3359375,-36.62109375,-126.46484375,0.0
287.84375,12.20703125,0.48828125,-67.87109375,-23.92578125,-83.984375,0.0
287.84765625,10.7421875,2.44140625,-64.453125,-10.25390625,2.44140625,0.0
287.8515625,5.859375,5.859375,-57.6171875,-19.53125,-36.62109375,0.0
287.85546875,5.859375,0.9765625,-54.19921875,-21.97265625,-64.94140625,0.0
287.859375,9.27734375,-3.90625,-55.17578125,-15.13671875,-18.06640625,0.0
287.86328125,2.44140625,-6.34765625,-54.19921875,-4.8828125,-28.80859375,0.0
287.8671875,5.37109375,-14.16015625,-51.7578125,-2.44140625,-34.66796875,0.0
287.87109375,4.39453125,-17.578125,-51.7578125,-10.7421875,-9.765625,0.0
287.875,3.90625,-9.765625,-48.33984375,-19.04296875,58.59375,0.0
287.87890625,4.39453125,-4.8828125,-43.45703125,-10.25390625,41.50390625,0.0
287.8828125,11.71875,-7.8125,-42.96875,-11.71875,-20.5078125,0.0
287.88671875,11.23046875,-12.20703125,-34.1796875,-16.11328125,-17.08984375,0.0
287.890625,-6.8359375,-9.765625,-47.36328125,-10.7421875,-13.18359375,0.0
287.89453125,-12.20703125,-8.30078125,-57.6171875,-9.27734375,6.8359375,0.0
287.8984375,-12.6953125,-17.578125,-44.921875,-14.6484375,21.484375,0.0
287.90234375,-10.25390625,-16.6015625,-47.8515625,-28.3203125,3.90625,0.0
287.90625,-20.99609375,-15.625,-51.26953125,-25.390625,-0.48828125,0.0
287.91015625,-23.92578125,-21.97265625,-44.921875,-26.3671875,-16.6015625,0.0
287.9140625,-15.13671875,-20.99609375,-40.52734375,-34.66796875,-77.63671875,0.0
287.91796875,-17.08984375,-16.11328125,-40.52734375,-32.2265625,-80.56640625,0.0
287.921875,-18.5546875,-17.08984375,-42.96875,-42.48046875,-53.7109375,0.0
287.92578125,-15.625,-24.4140625,-50.78125,-34.66796875,-59.5703125,0.0
287.9296875,-30.2734375,-27.34375,-43.45703125,-26.85546875,-91.30859375,0.0
287.93359375,-38.57421875,-24.90234375,-34.1796875,-28.3203125,-123.53515625,0.0
287.9375,-38.57421875,-23.92578125,-41.50390625,-32.71484375,-133.7890625,0.0
287.94140625,-39.0625,-25.87890625,-49.8046875,-39.55078125,-51.7578125,0.0
287.9453125,-22.94921875,-26.85546875,-45.8984375,-38.57421875,24.90234375,0.0
287.94921875,-27.34375,-32.71484375,-48.33984375,-45.8984375,19.53125,0.0
287.953125,-39.0625,-37.109375,-50.29296875,-43.45703125,-31.73828125,0.0
287.95703125,-34.66796875,-30.76171875,-45.8984375,-39.0625,-90.8203125,0.0
287.9609375,-35.15625,-22.94921875,-44.43359375,-39.0625,-128.41796875,0.0
287.96484375,-45.41015625,-22.4609375,-38.0859375,-48.33984375,-120.1171875,0.0
287.96875,-47.8515625,-29.296875,-39.55078125,-54.19921875,-59.5703125,0.0
287.97265625,-43.45703125,-24.90234375,-43.45703125,-44.921875,-36.62109375,0.0
287.9765625,-51.7578125,-26.3671875,-46.875,-38.57421875,-44.43359375,0.0
287.98046875,-48.33984375,-34.66796875,-51.26953125,-45.8984375,-41.9921875,0.0
287.984375,-45.8984375,-35.15625,-48.828125,-53.22265625,-25.390625,0.0
287.98828125,-44.43359375,-33.69140625,-47.36328125,-42.48046875,-33.69140625,0.0
287.9921875,-53.7109375,-34.66796875,-39.0625,-38.0859375,-23.4375,0.0
287.99609375,-58.59375,-37.109375,-41.015625,-42.96875,6.34765625,0.0
288.0,-59.5703125,-40.52734375,-44.921875,-49.31640625,20.99609375,0.0
288.00390625,-50.29296875,-41.015625,-38.57421875,-63.96484375,-10.7421875,0.0
288.0078125,-35.64453125,-39.55078125,-39.55078125,-62.98828125,-54.6875,0.0
288.01171875,-41.9921875,-38.57421875,-38.0859375,-29.78515625,-55.6640625,0.0
288.015625,-54.6875,-36.1328125,-34.66796875,-17.578125,-50.29296875,0.0
288.01953125,-50.29296875,-41.50390625,-40.52734375,-32.2265625,-68.359375,0.0
288.0234375,-45.8984375,-46.38671875,-46.875,-46.38671875,-89.35546875,0.0
288.02734375,-44.921875,-37.109375,-42.48046875,-37.109375,-70.80078125,0.0
288.03125,-40.0390625,-27.34375,-32.2265625,-20.99609375,-32.2265625,0.0
288.03515625,-44.43359375,-25.390625,-23.92578125,-32.2265625,-29.78515625,0.0
288.0390625,-43.9453125,-31.25,-20.5078125,-38.57421875,-73.73046875,0.0
288.04296875,-26.85546875,-37.109375,-29.296875,-39.55078125,-107.421875,0.0
288.046875,-17.08984375,-36.62109375,-31.25,-34.66796875,-8.30078125,0.0
288.05078125,-39.55078125,-28.80859375,-29.78515625,-27.34375,80.078125,0.0
288.0546875,-50.29296875,-29.296875,-31.25,-29.78515625,15.625,0.0
288.05859375,-42.48046875,-33.69140625,-33.69140625,-47.36328125,-41.015625,0.0
288.0625,-26.3671875,-29.78515625,-37.109375,-49.8046875,-89.35546875,0.0
288.06640625,-19.53125,-34.1796875,-39.55078125,-44.921875,-21.97265625,0.0
288.0703125,-25.390625,-43.45703125,-34.66796875,-21.97265625,14.6484375,0.0
288.07421875,-26.85546875,-29.78515625,-32.71484375,-7.8125,0.9765625,0.0
288.078125,-40.0390625,-20.01953125,-39.55078125,-36.1328125,-6.8359375,0.0
288.08203125,-50.78125,-18.06640625,-44.43359375,-64.453125,-18.06640625,0.0
288.0859375,-48.33984375,-17.08984375,-53.22265625,-62.5,-34.66796875,0.0
288.08984375,-53.22265625,-20.99609375,-61.03515625,-55.6640625,-75.68359375,0.0
288.09375,-41.9921875,-16.11328125,-68.359375,-51.7578125,-56.15234375,0.0
288.09765625,-32.2265625,-8.30078125,-65.91796875,-58.59375,-49.31640625,0.0
288.1015625,-40.52734375,-15.625,-59.5703125,-70.80078125,-34.66796875,0.0
288.10546875,-42.48046875,-21.484375,-58.59375,-58.10546875,-28.3203125,0.0
288.109375,-48.828125,-12.6953125,-60.05859375,-52.24609375,-36.62109375,0.0
288.11328125,-52.734375,-7.8125,-60.05859375,-54.6875,37.109375,0.0
288.1171875,-45.8984375,-11.71875,-55.17578125,-49.31640625,59.08203125,0.0
288.12109375,-40.0390625,-18.06640625,-58.59375,-49.8046875,-5.859375,0.0
288.125,-32.2265625,-18.5546875,-52.734375,-58.59375,-51.26953125,0.0
288.12890625,-28.80859375,-16.6015625,-41.50390625,-48.33984375,-18.06640625,0.0
288.1328125,-41.9921875,-18.5546875,-48.828125,-46.38671875,38.57421875,0.0
288.13671875,-38.0859375,-20.5078125,-49.31640625,-43.9453125,73.73046875,0.0
288.140625,-14.6484375,-20.99609375,-45.41015625,-50.29296875,83.49609375,0.0
288.14453125,-31.73828125,-21.484375,-44.43359375,-57.12890625,5.37109375,0.0
288.1484375,-40.52734375,-24.4140625,-50.29296875,-46.38671875,-10.7421875,0.0
288.15234375,-25.87890625,-26.3671875,-51.7578125,-46.875,7.32421875,0.0
288.15625,-31.73828125,-25.87890625,-46.875,-37.59765625,-5.37109375,0.0
288.16015625,-38.0859375,-28.3203125,-48.828125,-36.1328125,31.25,0.0
288.1640625,-36.62109375,-33.203125,-53.22265625,-47.8515625,-11.23046875,0.0
288.16796875,-37.109375,-30.76171875,-43.9453125,-44.43359375,-51.7578125,0.0
288.171875,-41.9921875,-29.296875,-24.4140625,-34.1796875,0.0,0.0
288.17578125,-36.1328125,-33.203125,-28.80859375,-27.83203125,42.48046875,0.0
288.1796875,-27.83203125,-27.83203125,-40.52734375,-35.64453125,-37.109375,0.0
288.18359375,-21.484375,-24.4140625,-38.0859375,-59.5703125,-93.75,0.0
288.1875,-20.01953125,-22.4609375,-31.73828125,-35.15625,-31.25,0.0
288.19140625,-29.296875,-22.4609375,-30.76171875,-15.13671875,25.87890625,0.0
288.1953125,-24.4140625,-24.90234375,-40.0390625,-20.5078125,-12.6953125,0.0
288.19921875,-16.11328125,-27.83203125,-46.875,-22.4609375,-47.36328125,0.0
288.203125,-17.08984375,-35.15625,-45.8984375,-35.64453125,0.0,0.0
288.20703125,-27.34375,-40.52734375,-42.96875,-39.55078125,7.32421875,0.0
288.2109375,-26.3671875,-36.1328125,-41.9921875,-31.25,-79.58984375,0.0
288.21484375,-28.80859375,-24.90234375,-36.1328125,-26.3671875,-9.765625,0.0
288.21875,-43.9453125,-23.92578125,-17.08984375,-33.203125,46.38671875,0.0
288.22265625,-31.73828125,-36.1328125,-30.2734375,-41.50390625,-8.30078125,0.0
288.2265625,-21.484375,-34.66796875,-41.015625,-31.73828125,44.921875,0.0
288.23046875,-29.78515625,-29.78515625,-38.0859375,-28.3203125,-32.2265625,0.0
288.234375,-41.9921875,-28.80859375,-41.9921875,-37.59765625,-97.16796875,0.0
288.23828125,-41.9921875,-24.90234375,-37.59765625,-29.78515625,-175.29296875,0.0
288.2421875,-24.4140625,-28.80859375,-35.15625,-32.2265625,-226.5625,0.0
288.24609375,-16.6015625,-27.83203125,-40.52734375,-39.55078125,-187.98828125,0.0
288.25,-30.2734375,-23.92578125,-37.109375,-34.66796875,-124.51171875,0.0
288.25390625,-37.109375,-21.97265625,-40.0390625,-34.1796875,-149.4140625,0.0
288.2578125,-33.69140625,-20.99609375,-42.48046875,-31.25,-95.703125,0.0
288.26171875,-19.53125,-32.2265625,-20.5078125,-16.6015625,-47.8515625,0.0
288.265625,-21.97265625,-36.62109375,-24.90234375,-23.4375,-112.3046875,0.0
288.26953125,-26.85546875,-26.85546875,-41.9921875,-23.92578125,-43.9453125,0.0
288.2734375,-32.71484375,-28.3203125,-39.55078125,-22.94921875,4.39453125,0.0
288.27734375,-45.41015625,-34.1796875,-40.52734375,-31.25,-23.92578125,0.0
288.28125,-44.43359375,-31.73828125,-37.59765625,-33.69140625,-33.69140625,0.0
288.28515625,-32.2265625,-36.62109375,-33.203125,-39.55078125,-26.3671875,0.0
288.2890625,-36.1328125,-29.78515625,-33.203125,-35.64453125,-21.484375,0.0
288.29296875,-37.109375,-24.4140625,-30.76171875,-27.83203125,-22.94921875,0.0
288.296875,-39.0625,-34.1796875,-28.80859375,-28.80859375,21.484375,0.0
288.30078125,-40.0390625,-34.66796875,-33.69140625,-39.55078125,-69.82421875,0.0
288.3046875,-40.52734375,-32.2265625,-35.64453125,-45.41015625,-173.33984375,0.0
288.30859375,-48.828125,-35.64453125,-44.43359375,-55.6640625,-134.765625,0.0
288.3125,-18.06640625,-33.69140625,-44.921875,-32.2265625,-66.40625,0.0
288.31640625,-1.953125,-36.62109375,-29.296875,-15.13671875,-47.8515625,0.0
288.3203125,-59.5703125,-47.36328125,-21.484375,-44.43359375,-66.40625,0.0
288.32421875,-59.08203125,-51.7578125,-10.7421875,-49.8046875,-20.99609375,0.0
288.328125,-19.04296875,-46.38671875,-13.671875,-34.66796875,21.484375,0.0
288.33203125,-32.71484375,-51.7578125,-13.18359375,-25.87890625,56.15234375,0.0
288.3359375,-39.0625,-61.5234375,-5.37109375,-24.90234375,47.8515625,0.0
288.33984375,-39.0625,-61.5234375,-7.8125,-41.015625,14.6484375,0.0
288.34375,-33.203125,-61.5234375,-11.23046875,-43.9453125,-30.76171875,0.0
288.34765625,-32.71484375,-60.05859375,-5.859375,-20.5078125,-52.24609375,0.0
288.3515625,-35.15625,-52.24609375,-6.8359375,-10.25390625,-115.72265625,0.0
288.35546875,-39.0625,-45.8984375,-12.6953125,-11.71875,-71.77734375,0.0
288.359375,-28.3203125,-53.22265625,-14.6484375,-15.625,21.484375,0.0
288.36328125,-14.6484375,-52.24609375,-16.6015625,-23.4375,-23.4375,0.0
288.3671875,-26.85546875,-39.55078125,-9.765625,-17.578125,-69.82421875,0.0
288.37109375,-22.94921875,-34.1796875,-7.32421875,-7.8125,-58.59375,0.0
288.375,-20.99609375,-37.109375,-10.7421875,-5.859375,-7.32421875,0.0
288.37890625,-32.2265625,-42.48046875,-20.99609375,-19.53125,-35.15625,0.0
288.3828125,-22.4609375,-41.9921875,-20.99609375,-20.5078125,-66.89453125,0.0
288.38671875,-25.390625,-41.015625,-19.04296875,-18.5546875,-87.40234375,0.0
288.390625,-32.71484375,-39.0625,-21.484375,-12.20703125,-36.1328125,0.0
288.39453125,-26.3671875,-33.69140625,-16.11328125,-9.765625,-26.85546875,0.0
288.3984375,-26.3671875,-33.203125,-18.5546875,-17.08984375,-44.43359375,0.0
288.40234375,-7.32421875,-32.2265625,-20.01953125,-18.06640625,-28.3203125,0.0
288.40625,-4.39453125,-26.3671875,-16.11328125,-18.5546875,16.11328125,0.0
288.41015625,-20.99609375,-31.73828125,-15.13671875,-20.01953125,6.8359375,0.0
288.4140625,-28.3203125,-41.9921875,-8.30078125,-13.671875,-135.25390625,0.0
288.41796875,-28.3203125,-37.59765625,-17.578125,-3.90625,-99.12109375,0.0
288.421875,-13.671875,-29.296875,-26.3671875,-15.13671875,-67.87109375,0.0
288.42578125,-15.13671875,-33.69140625,-22.4609375,-20.5078125,-149.90234375,0.0
288.4296875,-33.203125,-32.2265625,-20.99609375,-20.5078125,-77.1484375,0.0
288.43359375,-30.2734375,-28.80859375,-20.5078125,-23.92578125,6.8359375,0.0
288.4375,-13.671875,-28.3203125,-25.87890625,-20.5078125,61.03515625,0.0
288.44140625,-2.44140625,-27.34375,-29.296875,-13.671875,47.36328125,0.0
288.4453125,3.41796875,-27.34375,-23.92578125,-25.390625,-17.08984375,0.0
288.44921875,0.48828125,-30.2734375,-21.484375,-18.5546875,-61.03515625,0.0
288.453125,-5.859375,-32.71484375,-16.11328125,-14.16015625,-55.17578125,0.0
288.45703125,-15.13671875,-37.59765625,-7.8125,-19.53125,-20.99609375,0.0
288.4609375,-18.06640625,-33.69140625,-18.5546875,-26.3671875,-55.6640625,0.0
288.46484375,-28.80859375,-30.76171875,-23.4375,-32.2265625,-93.26171875,0.0
288.46875,-57.12890625,-43.9453125,-17.578125,-11.23046875,-120.60546875,0.0
288.47265625,-47.36328125,-41.50390625,-23.92578125,-8.7890625,-73.2421875,0.0
288.4765625,-37.109375,-29.296875,-31.25,-23.4375,-44.43359375,0.0
288.48046875,-43.45703125,-29.78515625,-27.83203125,-32.2265625,-85.9375,0.0
288.484375,-35.64453125,-33.69140625,-27.83203125,-20.99609375,-117.67578125,0.0
288.48828125,-30.76171875,-36.62109375,-29.296875,-10.25390625,-32.2265625,0.0
288.4921875,-43.9453125,-30.76171875,-21.484375,-6.34765625,4.8828125,0.0
288.49609375,-41.9921875,-30.76171875,-16.11328125,-13.671875,-8.7890625,0.0
288.5,-30.76171875,-30.2734375,-18.5546875,-39.0625,-0.48828125,0.0
288.50390625,-34.1796875,-30.2734375,-19.53125,-42.48046875,8.7890625,0.0
288.5078125,-38.57421875,-34.1796875,-19.53125,-33.69140625,65.91796875,0.0
288.51171875,-37.59765625,-35.64453125,-16.11328125,-28.80859375,108.88671875,0.0
288.515625,-20.99609375,-27.34375,-20.99609375,-21.484375,112.79296875,0.0
288.51953125,-13.671875,-21.97265625,-34.1796875,-11.71875,99.609375,0.0
288.5234375,-7.32421875,-26.85546875,-34.1796875,-8.30078125,75.68359375,0.0
288.52734375,-27.83203125,-28.80859375,-21.97265625,-24.90234375,9.765625,0.0
288.53125,-56.15234375,-26.3671875,-7.8125,-44.43359375,16.6015625,0.0
288.53515625,-65.91796875,-33.203125,-1.46484375,-50.78125,45.8984375,0.0
288.5390625,-66.40625,-44.921875,-4.39453125,-40.52734375,-4.8828125,0.0
288.54296875,-56.640625,-54.6875,-5.37109375,-30.2734375,24.90234375,0.0
288.546875,-47.8515625,-57.6171875,-2.44140625,-35.15625,50.29296875,0.0
288.55078125,-53.22265625,-53.22265625,-1.953125,-32.2265625,-10.7421875,0.0
288.5546875,-60.546875,-53.7109375,-4.8828125,-30.2734375,-43.45703125,0.0
288.55859375,-51.7578125,-50.78125,-3.41796875,-32.2265625,12.20703125,0.0
288.5625,-42.96875,-47.8515625,-7.8125,-26.3671875,8.30078125,0.0
288.56640625,-45.41015625,-48.828125,-13.18359375,-27.83203125,-51.26953125,0.0
288.5703125,-49.31640625,-45.8984375,-13.18359375,-34.1796875,-16.6015625,0.0
288.57421875,-54.6875,-41.9921875,-15.13671875,-36.1328125,-37.109375,0.0
288.578125,-47.36328125,-38.57421875,-20.5078125,-36.62109375,-108.88671875,0.0
288.58203125,-40.0390625,-37.59765625,-17.08984375,-37.59765625,-112.79296875,0.0
288.5859375,-28.80859375,-39.55078125,-11.71875,-32.71484375,-140.625,0.0
288.58984375,-35.64453125,-33.69140625,-2.9296875,-25.87890625,-125.48828125,0.0
288.59375,-46.875,-32.71484375,9.27734375,-17.08984375,-62.01171875,0.0
288.59765625,-43.45703125,-41.9921875,-7.8125,-22.4609375,-68.84765625,0.0
288.6015625,-35.64453125,-43.45703125,-23.4375,-26.85546875,-28.3203125,0.0
288.60546875,-31.25,-38.57421875,-21.484375,-32.2265625,-31.25,0.0
288.609375,-40.52734375,-34.66796875,-24.4140625,-39.0625,-110.83984375,0.0
288.61328125,-44.921875,-33.69140625,-28.3203125,-32.71484375,-99.609375,0.0
288.6171875,-43.45703125,-32.2265625,-27.34375,-28.80859375,-42.96875,0.0
288.62109375,-32.2265625,-26.85546875,-26.3671875,-28.80859375,-27.83203125,0.0
288.625,-30.2734375,-30.76171875,-22.4609375,-28.80859375,-35.15625,0.0
288.62890625,-36.62109375,-35.64453125,-27.34375,-20.01953125,-51.26953125,0.0
288.6328125,-43.45703125,-41.015625,-41.015625,-21.484375,-104.98046875,0.0
288.63671875,-35.64453125,-43.9453125,-27.83203125,-22.94921875,-45.8984375,0.0
288.640625,-17.578125,-36.62109375,-19.04296875,-31.73828125,13.18359375,0.0
288.64453125,-20.99609375,-36.1328125,-24.4140625,-37.109375,-95.703125,0.0
288.6484375,-31.73828125,-41.50390625,-20.99609375,-27.34375,-107.421875,0.0
288.65234375,-35.64453125,-44.43359375,-18.5546875,-14.16015625,-3.90625,0.0
288.65625,-33.203125,-43.9453125,-24.4140625,-19.04296875,-16.11328125,0.0
288.66015625,-28.80859375,-37.109375,-28.3203125,-32.2265625,-72.75390625,0.0
288.6640625,-32.2265625,-35.64453125,-28.80859375,-28.80859375,-42.96875,0.0
288.66796875,-34.1796875,-39.55078125,-32.2265625,-39.0625,19.53125,0.0
288.671875,-30.2734375,-39.55078125,-35.15625,-41.9921875,-1.46484375,0.0
288.67578125,-33.203125,-35.15625,-33.203125,-30.2734375,-37.59765625,0.0
288.6796875,-36.1328125,-34.1796875,-31.73828125,-34.66796875,-2.44140625,0.0
288.68359375,-38.57421875,-36.1328125,-29.78515625,-39.55078125,-26.3671875,0.0
288.6875,-39.55078125,-34.1796875,-31.25,-31.25,-35.64453125,0.0
288.69140625,-27.83203125,-29.78515625,-36.1328125,-30.76171875,-21.97265625,0.0
288.6953125,-28.3203125,-35.64453125,-31.25,-29.78515625,-8.7890625,0.0
288.69921875,-29.296875,-40.52734375,-26.85546875,-42.48046875,17.578125,0.0
288.703125,-32.2265625,-45.41015625,-33.69140625,-51.7578125,27.34375,0.0
288.70703125,-35.15625,-43.45703125,-38.57421875,-50.29296875,-17.08984375,0.0
288.7109375,-22.4609375,-33.69140625,-39.0625,-29.78515625,-56.640625,0.0
288.71484375,-33.203125,-33.69140625,-37.59765625,-20.01953125,-38.0859375,0.0
288.71875,-43.9453125,-40.52734375,-38.0859375,-36.62109375,1.46484375,0.0
288.72265625,-33.203125,-41.9921875,-39.55078125,-40.52734375,-19.53125,0.0
288.7265625,-28.3203125,-36.62109375,-33.69140625,-35.15625,-46.38671875,0.0
288.73046875,-25.87890625,-33.69140625,-29.296875,-29.296875,-49.31640625,0.0
288.734375,-27.83203125,-40.52734375,-33.203125,-31.73828125,2.44140625,0.0
288.73828125,-41.50390625,-40.0390625,-31.73828125,-39.55078125,9.765625,0.0
288.7421875,-37.109375,-41.9921875,-25.87890625,-41.015625,-14.6484375,0.0
288.74609375,-19.53125,-53.22265625,-30.2734375,-30.2734375,3.90625,0.0
288.75,-33.203125,-40.52734375,-31.25,-21.484375,-8.7890625,0.0
288.75390625,-49.31640625,-29.296875,-28.80859375,-14.6484375,-24.4140625,0.0
288.7578125,-46.875,-40.52734375,-24.4140625,-15.13671875,-36.62109375,0.0
288.76171875,-35.64453125,-41.015625,-31.73828125,-34.1796875,-67.3828125,0.0
288.765625,-19.04296875,-34.1796875,-35.15625,-28.3203125,-55.6640625,0.0
288.76953125,-26.3671875,-41.015625,-30.76171875,-19.53125,-33.203125,0.0
288.7734375,-34.1796875,-38.57421875,-31.25,-27.83203125,-75.1953125,0.0
288.77734375,-24.90234375,-38.57421875,-35.15625,-21.97265625,-112.3046875,0.0
288.78125,-23.92578125,-34.66796875,-37.59765625,-33.203125,-29.78515625,0.0
288.78515625,-26.85546875,-28.80859375,-23.4375,-44.43359375,26.85546875,0.0
288.7890625,-31.25,-32.71484375,-1.46484375,-24.90234375,-55.6640625,0.0
288.79296875,-39.55078125,-36.1328125,-10.25390625,-21.484375,-123.046875,0.0
288.796875,-37.109375,-38.57421875,-22.94921875,-34.1796875,-92.28515625,0.0
288.80078125,-29.296875,-33.203125,-23.92578125,-36.62109375,8.30078125,0.0
288.8046875,-31.73828125,-37.59765625,-26.3671875,-32.71484375,-14.16015625,0.0
288.80859375,-41.50390625,-42.48046875,-28.80859375,-29.78515625,-119.62890625,0.0
288.8125,-36.1328125,-38.57421875,-28.80859375,-32.71484375,-81.0546875,0.0
288.81640625,-28.3203125,-32.2265625,-24.90234375,-24.90234375,-30.2734375,0.0
288.8203125,-32.2265625,-30.76171875,-34.66796875,-32.71484375,-80.078125,0.0
288.82421875,-35.15625,-26.3671875,-36.1328125,-34.66796875,-34.1796875,0.0
288.828125,-31.25,-26.3671875,-23.4375,-25.390625,-18.06640625,0.0
288.83203125,-27.83203125,-36.62109375,-17.578125,-34.1796875,-85.44921875,0.0
288.8359375,-33.69140625,-36.1328125,-22.4609375,-27.83203125,-14.6484375,0.0
288.83984375,-46.38671875,-31.73828125,-37.59765625,-28.80859375,4.39453125,0.0
288.84375,-51.26953125,-29.78515625,-41.015625,-35.64453125,13.18359375,0.0
288.84765625,-32.71484375,-25.390625,-35.64453125,-29.78515625,72.75390625,0.0
288.8515625,-34.66796875,-28.3203125,-32.71484375,-27.34375,28.80859375,0.0
288.85546875,-50.78125,-34.1796875,-33.203125,-16.6015625,10.25390625,0.0
288.859375,-46.875,-31.73828125,-31.25,-18.06640625,2.44140625,0.0
288.86328125,-44.43359375,-31.73828125,-32.71484375,-32.71484375,-45.41015625,0.0
288.8671875,-28.3203125,-27.83203125,-38.0859375,-33.203125,-60.05859375,0.0
288.87109375,-30.2734375,-27.83203125,-38.57421875,-25.390625,-47.36328125,0.0
288.875,-46.38671875,-34.1796875,-24.4140625,-32.2265625,-52.734375,0.0
288.87890625,-35.15625,-33.203125,-14.6484375,-42.96875,-66.89453125,0.0
288.8828125,-30.2734375,-23.4375,-22.94921875,-27.34375,-19.04296875,0.0
288.88671875,-34.66796875,-19.53125,-31.73828125,-26.3671875,13.18359375,0.0
288.890625,-30.2734375,-20.99609375,-31.25,-23.92578125,-44.921875,0.0
288.89453125,-31.25,-23.92578125,-32.2265625,-20.01953125,-28.80859375,0.0
288.8984375,-38.0859375,-30.76171875,-33.203125,-41.015625,-54.19921875,0.0
288.90234375,-29.296875,-36.1328125,-35.64453125,-49.8046875,-90.33203125,0.0
288.90625,-20.99609375,-36.1328125,-31.73828125,-44.43359375,-40.52734375,0.0
288.91015625,-36.62109375,-36.1328125,-26.85546875,-34.66796875,-48.33984375,0.0
288.9140625,-33.69140625,-32.2265625,-33.203125,-30.2734375,-53.7109375,0.0
288.91796875,-24.90234375,-32.71484375,-38.0859375,-40.0390625,-59.5703125,0.0
288.921875,-18.5546875,-36.62109375,-25.87890625,-46.38671875,2.9296875,0.0
288.92578125,-29.296875,-39.0625,-22.94921875,-33.69140625,4.39453125,0.0
288.9296875,-41.9921875,-40.52734375,-28.3203125,-31.25,-27.83203125,0.0
288.93359375,-44.921875,-34.1796875,-29.78515625,-36.1328125,36.1328125,0.0
288.9375,-43.45703125,-28.3203125,-28.80859375,-31.73828125,40.0390625,0.0
288.94140625,-34.1796875,-27.83203125,-29.296875,-35.64453125,17.578125,0.0
288.9453125,-25.390625,-33.69140625,-36.1328125,-41.015625,9.27734375,0.0
288.94921875,-27.34375,-36.62109375,-36.1328125,-35.15625,-44.921875,0.0
288.953125,-39.0625,-30.2734375,-34.1796875,-22.4609375,-28.3203125,0.0
288.95703125,-34.66796875,-25.87890625,-37.109375,-27.34375,-9.27734375,0.0
288.9609375,-24.4140625,-24.90234375,-42.96875,-41.50390625,-66.89453125,0.0
288.96484375,-27.34375,-29.78515625,-39.0625,-36.1328125,-51.26953125,0.0
288.96875,-34.1796875,-27.34375,-27.83203125,-26.3671875,-48.33984375,0.0
288.97265625,-33.69140625,-27.34375,-28.80859375,-16.11328125,21.97265625,0.0
288.9765625,-34.1796875,-27.34375,-28.80859375,-17.578125,119.62890625,0.0
288.98046875,-30.76171875,-24.90234375,-23.92578125,-25.87890625,54.19921875,0.0
288.984375,-20.99609375,-25.390625,-23.92578125,-24.90234375,-6.34765625,0.0
288.98828125,-28.3203125,-24.4140625,-26.85546875,-33.69140625,46.875,0.0
288.9921875,-30.76171875,-26.3671875,-30.76171875,-31.25,1.46484375,0.0
288.99609375,-33.203125,-28.3203125,-31.73828125,-19.53125,-101.5625,0.0
289.0,-37.109375,-31.25,-31.25,-23.92578125,-106.4453125,0.0
289.00390625,-19.53125,-38.0859375,-27.83203125,-31.25,-22.4609375,0.0
289.0078125,-22.94921875,-37.59765625,-26.85546875,-30.2734375,-52.734375,0.0
289.01171875,-44.43359375,-30.2734375,-22.4609375,-19.53125,-123.046875,0.0
289.015625,-45.8984375,-27.34375,-24.4140625,-14.16015625,-41.015625,0.0
289.01953125,-29.78515625,-30.76171875,-31.73828125,-22.4609375,-41.50390625,0.0
289.0234375,-24.90234375,-29.78515625,-33.69140625,-35.64453125,-122.0703125,0.0
289.02734375,-37.109375,-33.69140625,-30.76171875,-34.66796875,-44.921875,0.0
289.03125,-35.64453125,-35.64453125,-30.76171875,-33.203125,-1.46484375,0.0
289.03515625,-36.62109375,-33.69140625,-33.203125,-30.2734375,-42.96875,0.0
289.0390625,-40.52734375,-32.71484375,-33.69140625,-32.2265625,-121.58203125,0.0
289.04296875,-30.76171875,-31.25,-35.15625,-37.59765625,-86.9140625,0.0
289.046875,-28.80859375,-30.2734375,-32.2265625,-24.4140625,2.9296875,0.0
289.05078125,-48.33984375,-31.73828125,-26.85546875,-23.92578125,-34.1796875,0.0
289.0546875,-46.875,-34.1796875,-20.99609375,-34.1796875,-20.99609375,0.0
289.05859375,-37.109375,-31.73828125,-20.99609375,-24.90234375,-16.6015625,0.0
289.0625,-32.2265625,-28.80859375,-32.71484375,-35.64453125,-58.59375,0.0
289.06640625,-20.5078125,-31.25,-37.109375,-37.109375,-28.3203125,0.0
289.0703125,-12.20703125,-37.109375,-24.4140625,-1.46484375,-15.625,0.0
289.07421875,-37.109375,-35.64453125,-18.06640625,-1.46484375,-20.01953125,0.0
289.078125,-60.546875,-32.2265625,-20.99609375,-47.36328125,-10.7421875,0.0
289.08203125,-40.52734375,-39.0625,-15.625,-43.9453125,-43.9453125,0.0
289.0859375,-23.4375,-41.015625,-1.953125,-8.30078125,-81.54296875,0.0
289.08984375,-30.2734375,-43.9453125,6.8359375,-8.7890625,-15.13671875,0.0
289.09375,-27.83203125,-53.7109375,6.34765625,-10.7421875,74.21875,0.0
289.09765625,-17.578125,-55.17578125,5.859375,-5.859375,69.3359375,0.0
289.1015625,-7.8125,-54.19921875,21.484375,4.8828125,-3.90625,0.0
289.10546875,-1.46484375,-58.59375,28.80859375,16.11328125,31.25,0.0
289.109375,-6.8359375,-68.84765625,18.06640625,18.5546875,50.29296875,0.0
289.11328125,-6.34765625,-63.96484375,21.484375,29.78515625,6.34765625,0.0
289.1171875,9.765625,-59.08203125,26.3671875,24.90234375,67.3828125,0.0
289.12109375,6.34765625,-56.640625,14.6484375,9.765625,32.2265625,0.0
289.125,-6.34765625,-50.29296875,7.8125,14.16015625,-50.29296875,0.0
289.12890625,-11.23046875,-44.921875,1.953125,22.4609375,-85.9375,0.0
289.1328125,-9.27734375,-39.0625,7.8125,28.80859375,-38.57421875,0.0
289.13671875,-2.44140625,-39.0625,16.11328125,30.76171875,-5.37109375,0.0
289.140625,2.9296875,-41.50390625,9.27734375,23.92578125,-18.5546875,0.0
289.14453125,8.30078125,-47.36328125,3.90625,6.34765625,-34.66796875,0.0
289.1484375,-0.9765625,-47.8515625,12.20703125,-0.48828125,-82.51953125,0.0
289.15234375,-13.18359375,-44.921875,16.11328125,17.08984375,-93.75,0.0
289.15625,-17.578125,-46.875,9.765625,11.23046875,-140.13671875,0.0
289.16015625,-4.39453125,-38.57421875,4.39453125,-14.16015625,-116.69921875,0.0
289.1640625,0.48828125,-37.109375,7.8125,-0.48828125,-43.45703125,0.0
289.16796875,-12.6953125,-41.9921875,-1.46484375,11.23046875,-89.84375,0.0
289.171875,-17.578125,-40.0390625,-9.27734375,5.859375,-55.17578125,0.0
289.17578125,-20.01953125,-41.9921875,-7.32421875,11.23046875,60.05859375,0.0
289.1796875,-10.7421875,-41.9921875,-14.16015625,9.765625,33.203125,0.0
289.18359375,0.48828125,-40.52734375,-20.01953125,-3.41796875,-54.6875,0.0
289.1875,-24.4140625,-39.55078125,-17.578125,-8.7890625,-22.94921875,0.0
289.19140625,-32.2265625,-38.0859375,-9.27734375,-2.44140625,-1.953125,0.0
289.1953125,-11.23046875,-33.203125,-5.37109375,6.8359375,-61.03515625,0.0
289.19921875,-9.27734375,-34.1796875,-12.6953125,-5.859375,-76.66015625,0.0
289.203125,-8.7890625,-41.50390625,-21.484375,-27.83203125,-74.21875,0.0
289.20703125,-5.859375,-44.921875,-12.20703125,-24.4140625,-54.6875,0.0
289.2109375,-22.94921875,-37.109375,-9.27734375,-15.13671875,-10.7421875,0.0
289.21484375,-29.78515625,-28.80859375,-13.671875,-11.71875,-60.546875,0.0
289.21875,-24.4140625,-31.25,-13.671875,-12.6953125,-89.84375,0.0
289.22265625,-12.6953125,-36.62109375,-16.6015625,-19.53125,-52.24609375,0.0
289.2265625,-14.16015625,-35.64453125,-18.06640625,-25.87890625,-54.19921875,0.0
289.23046875,-18.5546875,-32.71484375,-22.94921875,-13.671875,-54.6875,0.0
289.234375,-13.671875,-27.34375,-26.85546875,-13.671875,17.578125,0.0
289.23828125,-12.20703125,-35.64453125,-25.390625,-24.4140625,6.34765625,0.0
289.2421875,2.44140625,-34.66796875,-20.99609375,-26.3671875,-47.8515625,0.0
289.24609375,-8.30078125,-24.90234375,-19.04296875,-27.34375,-31.25,0.0
289.25,-6.8359375,-24.4140625,-12.6953125,-15.13671875,-55.17578125,0.0
289.25390625,-22.4609375,-26.3671875,5.859375,1.46484375,-72.75390625,0.0
289.2578125,-47.8515625,-30.76171875,1.46484375,-9.765625,-106.4453125,0.0
289.26171875,-33.203125,-33.203125,-17.578125,-30.2734375,-124.51171875,0.0
289.265625,-29.296875,-37.59765625,-21.97265625,-28.3203125,-130.37109375,0.0
289.26953125,-40.0390625,-37.109375,-22.4609375,-16.6015625,-49.8046875,0.0
289.2734375,-36.62109375,-31.73828125,-24.4140625,-13.18359375,28.3203125,0.0
289.27734375,-32.2265625,-43.45703125,-26.3671875,-19.04296875,-23.92578125,0.0
289.28125,-29.78515625,-46.875,-26.85546875,-24.90234375,-15.13671875,0.0
289.28515625,-28.80859375,-36.1328125,-21.484375,-27.34375,23.92578125,0.0
289.2890625,-41.9921875,-30.76171875,-20.99609375,-21.97265625,-10.25390625,0.0
289.29296875,-29.296875,-32.71484375,-18.5546875,-16.11328125,-41.015625,0.0
289.296875,-19.53125,-35.64453125,-5.859375,-11.71875,-86.9140625,0.0
289.30078125,-27.83203125,-32.2265625,-12.20703125,-21.97265625,-11.23046875,0.0
289.3046875,-29.296875,-32.2265625,-18.5546875,-27.34375,39.0625,0.0
289.30859375,-27.83203125,-37.109375,-12.6953125,-14.16015625,-37.109375,0.0
289.3125,-38.0859375,-40.52734375,-15.625,-20.5078125,-31.73828125,0.0
289.31640625,-35.64453125,-40.52734375,-21.484375,-26.3671875,0.9765625,0.0
289.3203125,-30.76171875,-35.15625,-20.99609375,-33.69140625,-55.6640625,0.0
289.32421875,-30.76171875,-35.15625,-17.578125,-52.24609375,-136.71875,0.0
289.328125,-32.2265625,-39.55078125,-20.99609375,-21.97265625,-105.46875,0.0
289.33203125,-39.55078125,-34.66796875,-21.484375,-4.8828125,-69.82421875,0.0
289.3359375,-41.50390625,-29.296875,-25.87890625,-30.76171875,-115.72265625,0.0
289.33984375,-36.62109375,-25.87890625,-22.4609375,-36.62109375,-143.5546875,0.0
289.34375,-25.390625,-25.87890625,-1.46484375,-38.0859375,-133.7890625,0.0
289.34765625,-26.85546875,-28.80859375,-11.71875,-36.62109375,-130.859375,0.0
289.3515625,-22.94921875,-29.78515625,-24.4140625,-22.94921875,-137.6953125,0.0
289.35546875,-20.5078125,-26.85546875,-15.625,-26.85546875,-66.40625,0.0
289.359375,-15.13671875,-25.87890625,-12.20703125,-34.1796875,-78.61328125,0.0
289.36328125,-7.32421875,-31.73828125,-17.08984375,-36.1328125,-160.15625,0.0
289.3671875,-16.6015625,-29.296875,-18.06640625,-30.76171875,-39.0625,0.0
289.37109375,-34.66796875,-28.3203125,-14.6484375,-28.3203125,-96.19140625,0.0
289.375,-20.01953125,-31.73828125,-22.94921875,-33.69140625,-242.1875,0.0
289.37890625,-13.671875,-32.71484375,-27.34375,-29.78515625,-141.6015625,0.0
289.3828125,-20.5078125,-41.50390625,-18.5546875,-21.484375,-111.328125,0.0
289.38671875,-7.32421875,-37.59765625,-13.671875,-9.27734375,-46.875,0.0
289.390625,-14.6484375,-19.04296875,-27.34375,-12.20703125,47.8515625,0.0
289.39453125,-33.203125,-11.23046875,-36.62109375,-37.109375,79.1015625,0.0
289.3984375,-49.8046875,-15.625,-41.015625,-53.22265625,55.17578125,0.0
289.40234375,-49.31640625,-20.01953125,-52.734375,-68.359375,-77.63671875,0.0
289.40625,-45.8984375,-15.625,-63.96484375,-67.87109375,-117.67578125,0.0
289.41015625,-52.734375,-5.37109375,-67.3828125,-63.96484375,-87.40234375,0.0
289.4140625,-78.61328125,0.0,-83.49609375,-86.9140625,-98.14453125,0.0
289.41796875,-83.0078125,3.41796875,-88.8671875,-106.93359375,-38.57421875,0.0
289.421875,-70.80078125,4.39453125,-93.75,-134.27734375,92.28515625,0.0
289.42578125,-72.75390625,2.44140625,-103.515625,-128.41796875,70.3125,0.0
289.4296875,-74.21875,2.9296875,-99.12109375,-116.2109375,46.875,0.0
289.43359375,-76.66015625,11.71875,-92.7734375,-112.79296875,32.71484375,0.0
289.4375,-78.61328125,11.71875,-91.796875,-109.86328125,-27.83203125,0.0
289.44140625,-61.5234375,-0.9765625,-93.26171875,-104.00390625,-48.33984375,0.0
289.4453125,-44.43359375,-0.48828125,-88.37890625,-84.47265625,-35.15625,0.0
289.44921875,-53.7109375,1.46484375,-80.078125,-80.078125,-44.43359375,0.0
289.453125,-64.453125,-7.32421875,-80.078125,-79.58984375,-57.12890625,0.0
289.45703125,-63.96484375,-11.71875,-79.58984375,-81.54296875,-7.32421875,0.0
289.4609375,-57.12890625,-15.625,-77.63671875,-84.9609375,-17.578125,0.0
289.46484375,-45.41015625,-13.18359375,-74.21875,-80.56640625,68.359375,0.0
289.46875,-30.2734375,-10.25390625,-72.265625,-76.66015625,96.19140625,0.0
289.47265625,-35.64453125,-6.8359375,-63.4765625,-61.5234375,13.18359375,0.0
289.4765625,-38.57421875,-7.32421875,-58.59375,-55.17578125,18.06640625,0.0
289.48046875,-25.87890625,-11.71875,-67.87109375,-69.82421875,2.9296875,0.0
289.484375,-31.25,-15.13671875,-68.359375,-64.94140625,-56.640625,0.0
289.48828125,-52.24609375,-14.6484375,-60.05859375,-50.29296875,-113.28125,0.0
289.4921875,-47.8515625,-14.16015625,-49.8046875,-39.0625,-85.44921875,0.0
289.49609375,-40.0390625,-14.16015625,-51.7578125,-51.7578125,37.109375,0.0
289.5,-45.8984375,-16.11328125,-56.15234375,-69.82421875,52.24609375,0.0
289.50390625,-48.828125,-20.5078125,-51.26953125,-49.31640625,23.4375,0.0
289.5078125,-46.875,-22.4609375,-50.29296875,-34.66796875,78.125,0.0
289.51171875,-51.7578125,-25.390625,-48.33984375,-39.55078125,18.5546875,0.0
289.515625,-57.6171875,-28.3203125,-49.8046875,-56.640625,-71.2890625,0.0
289.51953125,-39.0625,-22.94921875,-54.19921875,-64.453125,-16.6015625,0.0
289.5234375,-34.66796875,-22.94921875,-52.24609375,-56.15234375,13.18359375,0.0
289.52734375,-45.8984375,-25.87890625,-49.31640625,-42.48046875,52.734375,0.0
289.53125,-44.921875,-21.97265625,-50.78125,-37.59765625,2.44140625,0.0
289.53515625,-50.78125,-18.5546875,-51.7578125,-48.828125,-43.9453125,0.0
289.5390625,-45.41015625,-22.94921875,-41.9921875,-56.640625,-24.4140625,0.0
289.54296875,-39.55078125,-28.80859375,-42.48046875,-57.6171875,-20.5078125,0.0
289.546875,-46.875,-34.1796875,-55.17578125,-60.05859375,-8.7890625,0.0
289.55078125,-49.31640625,-31.73828125,-64.453125,-53.7109375,24.4140625,0.0
289.5546875,-59.08203125,-34.1796875,-60.546875,-47.8515625,25.390625,0.0
289.55859375,-62.5,-38.57421875,-44.43359375,-53.22265625,4.8828125,0.0
289.5625,-40.52734375,-31.25,-41.9921875,-52.734375,-39.0625,0.0
289.56640625,-35.15625,-29.296875,-40.0390625,-52.24609375,-101.5625,0.0
289.5703125,-37.59765625,-24.4140625,-38.0859375,-45.8984375,-113.76953125,0.0
289.57421875,-38.57421875,-21.97265625,-39.55078125,-37.59765625,-41.50390625,0.0
289.578125,-43.45703125,-28.80859375,-45.8984375,-46.38671875,-10.25390625,0.0
289.58203125,-29.296875,-33.203125,-44.43359375,-52.734375,-13.18359375,0.0
289.5859375,-23.4375,-31.73828125,-41.015625,-53.7109375,23.92578125,0.0
289.58984375,-36.62109375,-29.296875,-38.0859375,-47.8515625,24.90234375,0.0
289.59375,-46.38671875,-28.3203125,-34.66796875,-42.48046875,60.05859375,0.0
289.59765625,-38.57421875,-26.3671875,-35.64453125,-35.15625,30.2734375,0.0
289.6015625,-31.73828125,-25.87890625,-44.43359375,-57.12890625,-103.02734375,0.0
289.60546875,-45.8984375,-29.78515625,-45.41015625,-62.98828125,-80.078125,0.0
289.609375,-34.66796875,-28.80859375,-39.0625,-42.48046875,-25.87890625,0.0
289.61328125,-40.0390625,-26.85546875,-40.0390625,-40.52734375,8.30078125,0.0
289.6171875,-52.24609375,-31.25,-46.38671875,-53.22265625,13.671875,0.0
289.62109375,-31.73828125,-29.296875,-42.48046875,-33.203125,-64.94140625,0.0
289.625,-12.20703125,-21.97265625,-34.66796875,-12.20703125,-131.8359375,0.0
289.62890625,-33.69140625,-20.01953125,-31.25,-38.57421875,-77.1484375,0.0
289.6328125,-61.5234375,-26.3671875,-44.43359375,-67.3828125,-22.94921875,0.0
289.63671875,-54.19921875,-26.3671875,-53.7109375,-56.640625,-37.109375,0.0
289.640625,-41.015625,-24.4140625,-49.8046875,-48.33984375,-76.66015625,0.0
289.64453125,-52.24609375,-31.73828125,-49.8046875,-62.01171875,-34.1796875,0.0
289.6484375,-66.89453125,-27.83203125,-51.26953125,-76.171875,10.7421875,0.0
289.65234375,-72.75390625,-25.390625,-49.31640625,-75.68359375,-34.1796875,0.0
289.65625,-67.87109375,-22.4609375,-44.921875,-62.98828125,-31.25,0.0
289.66015625,-58.59375,-20.99609375,-41.50390625,-68.359375,-60.05859375,0.0
289.6640625,-59.5703125,-23.92578125,-41.50390625,-83.0078125,-117.1875,0.0
289.66796875,-47.36328125,-29.78515625,-42.96875,-62.5,-80.56640625,0.0
289.671875,-45.8984375,-33.69140625,-46.875,-42.48046875,-108.88671875,0.0
289.67578125,-52.734375,-25.390625,-41.50390625,-46.38671875,-68.359375,0.0
289.6796875,-37.109375,-20.01953125,-38.0859375,-57.12890625,-41.9921875,0.0
289.68359375,-36.62109375,-20.99609375,-40.0390625,-59.5703125,-48.828125,0.0
289.6875,-42.96875,-21.97265625,-34.1796875,-56.640625,11.71875,0.0
289.69140625,-37.59765625,-26.85546875,-32.71484375,-50.29296875,-34.1796875,0.0
289.6953125,-44.43359375,-26.85546875,-33.69140625,-45.8984375,-20.99609375,0.0
289.69921875,-36.62109375,-21.484375,-35.15625,-46.38671875,30.76171875,0.0
289.703125,-27.34375,-22.94921875,-41.50390625,-40.52734375,4.8828125,0.0
289.70703125,-28.3203125,-24.90234375,-41.015625,-39.0625,-16.11328125,0.0
289.7109375,-33.203125,-24.4140625,-35.64453125,-43.45703125,15.13671875,0.0
289.71484375,-44.43359375,-27.34375,-36.62109375,-38.0859375,56.15234375,0.0
289.71875,-30.2734375,-27.83203125,-38.57421875,-35.64453125,-10.7421875,0.0
289.72265625,-18.5546875,-30.76171875,-43.9453125,-42.48046875,-46.38671875,0.0
289.7265625,-26.85546875,-27.34375,-46.38671875,-33.69140625,-66.40625,0.0
289.73046875,-33.203125,-25.390625,-39.55078125,-24.90234375,-121.09375,0.0
289.734375,-32.2265625,-25.390625,-35.15625,-23.4375,-69.82421875,0.0
289.73828125,-24.90234375,-24.90234375,-31.73828125,-27.34375,17.578125,0.0
289.7421875,-15.625,-21.97265625,-31.73828125,-32.71484375,43.9453125,0.0
289.74609375,-23.92578125,-22.4609375,-33.69140625,-38.57421875,18.5546875,0.0
289.75,-42.48046875,-32.71484375,-38.57421875,-37.59765625,-45.41015625,0.0
289.75390625,-31.73828125,-36.62109375,-42.96875,-30.76171875,-28.80859375,0.0
289.7578125,-21.97265625,-35.64453125,-36.62109375,-34.66796875,30.2734375,0.0
289.76171875,-27.83203125,-38.0859375,-37.109375,-38.57421875,-10.25390625,0.0
289.765625,-25.390625,-30.2734375,-34.1796875,-32.71484375,-37.109375,0.0
289.76953125,-33.69140625,-27.34375,-32.71484375,-32.2265625,8.30078125,0.0
289.7734375,-39.55078125,-26.85546875,-40.0390625,-29.296875,-31.25,0.0
289.77734375,-35.64453125,-24.90234375,-35.64453125,-33.69140625,-36.1328125,0.0
289.78125,-36.62109375,-25.87890625,-32.2265625,-42.48046875,31.73828125,0.0
289.78515625,-33.203125,-26.3671875,-37.59765625,-48.828125,9.765625,0.0
289.7890625,-41.50390625,-29.296875,-37.59765625,-47.36328125,-85.44921875,0.0
289.79296875,-52.24609375,-32.2265625,-34.1796875,-34.1796875,-154.78515625,0.0
289.796875,-48.828125,-36.62109375,-32.71484375,-36.62109375,-107.421875,0.0
289.80078125,-40.52734375,-40.0390625,-32.71484375,-49.31640625,-98.6328125,0.0
289.8046875,-31.25,-35.64453125,-31.25,-49.31640625,-94.23828125,0.0
289.80859375,-27.34375,-35.64453125,-31.73828125,-41.015625,-52.24609375,0.0
289.8125,-38.57421875,-37.109375,-38.0859375,-40.0390625,-48.828125,0.0
289.81640625,-49.8046875,-32.71484375,-41.015625,-44.43359375,-13.18359375,0.0
289.8203125,-44.43359375,-33.203125,-36.62109375,-38.0859375,9.27734375,0.0
289.82421875,-20.5078125,-33.69140625,-31.73828125,-34.66796875,-45.8984375,0.0
289.828125,-28.80859375,-33.69140625,-39.55078125,-34.1796875,-20.5078125,0.0
289.83203125,-47.8515625,-33.69140625,-35.15625,-26.85546875,31.25,0.0
289.8359375,-43.45703125,-37.109375,-28.3203125,-36.1328125,-8.7890625,0.0
289.83984375,-40.0390625,-39.55078125,-35.64453125,-41.9921875,-76.171875,0.0
289.84375,-39.0625,-35.64453125,-38.57421875,-36.1328125,-102.5390625,0.0
289.84765625,-34.66796875,-32.2265625,-30.2734375,-35.15625,-128.41796875,0.0
289.8515625,-44.43359375,-31.25,-29.296875,-30.2734375,-161.1328125,0.0
289.85546875,-51.7578125,-31.25,-35.15625,-26.85546875,-139.16015625,0.0
289.859375,-48.33984375,-32.2265625,-32.71484375,-26.85546875,-41.015625,0.0
289.86328125,-41.50390625,-31.73828125,-29.78515625,-33.203125,-43.9453125,0.0
289.8671875,-41.50390625,-30.76171875,-28.80859375,-32.2265625,-0.48828125,0.0
289.87109375,-45.8984375,-36.1328125,-34.66796875,-25.87890625,2.9296875,0.0
289.875,-56.640625,-35.15625,-31.73828125,-31.25,-15.13671875,0.0
289.87890625,-53.7109375,-30.76171875,-30.76171875,-35.15625,24.4140625,0.0
289.8828125,-44.43359375,-31.73828125,-39.0625,-26.3671875,33.69140625,0.0
289.88671875,-39.55078125,-34.1796875,-34.66796875,-37.109375,63.4765625,0.0
289.890625,-40.0390625,-32.2265625,-32.2265625,-45.41015625,106.4453125,0.0
289.89453125,-40.0390625,-31.25,-32.71484375,-36.1328125,41.015625,0.0
289.8984375,-39.0625,-26.3671875,-34.1796875,-25.87890625,0.9765625,0.0
289.90234375,-30.76171875,-22.4609375,-38.57421875,-26.85546875,-3.90625,0.0
289.90625,-18.06640625,-24.4140625,-37.59765625,-34.1796875,-62.01171875,0.0
289.91015625,-34.1796875,-26.85546875,-28.3203125,-33.69140625,-50.78125,0.0
289.9140625,-54.6875,-32.71484375,-14.16015625,-39.55078125,-41.9921875,0.0
289.91796875,-46.38671875,-37.109375,-20.5078125,-38.0859375,-26.3671875,0.0
289.921875,-45.41015625,-36.1328125,-36.1328125,-44.43359375,-62.01171875,0.0
289.92578125,-44.921875,-40.52734375,-36.62109375,-45.8984375,-133.7890625,0.0
289.9296875,-42.48046875,-40.52734375,-43.9453125,-27.83203125,-93.26171875,0.0
289.93359375,-35.64453125,-36.62109375,-41.50390625,-34.66796875,-38.57421875,0.0
289.9375,-21.97265625,-33.203125,-28.80859375,-28.3203125,-3.90625,0.0
289.94140625,-28.80859375,-42.96875,-33.203125,-20.01953125,-9.27734375,0.0
289.9453125,-36.1328125,-47.36328125,-32.71484375,-21.97265625,-96.6796875,0.0
289.94921875,-34.66796875,-34.1796875,-33.69140625,-29.296875,-95.21484375,0.0
289.953125,-52.734375,-35.64453125,-39.55078125,-33.203125,-4.8828125,0.0
289.95703125,-52.24609375,-36.62109375,-24.4140625,-27.34375,-35.15625,0.0
289.9609375,-41.9921875,-38.0859375,-22.94921875,-30.2734375,-24.90234375,0.0
289.96484375,-35.15625,-40.52734375,-28.80859375,-44.921875,17.578125,0.0
289.96875,-24.90234375,-30.76171875,-23.92578125,-34.66796875,39.0625,0.0
289.97265625,-36.62109375,-23.92578125,-24.4140625,-15.625,24.4140625,0.0
289.9765625,-47.8515625,-25.87890625,-31.25,-20.5078125,5.859375,0.0
289.98046875,-41.9921875,-31.25,-39.0625,-28.3203125,-15.13671875,0.0
289.984375,-34.1796875,-32.71484375,-32.71484375,-38.57421875,-12.6953125,0.0
289.98828125,-33.69140625,-32.71484375,-25.87890625,-38.57421875,12.20703125,0.0
289.9921875,-31.25,-32.2265625,-27.34375,-35.15625,-13.18359375,0.0
289.99609375,-20.5078125,-27.83203125,-27.83203125,-25.87890625,-4.8828125,0.0
290.0,-11.71875,-26.3671875,-23.4375,-23.4375,23.92578125,0.0
290.00390625,-12.6953125,-30.2734375,-13.671875,-25.390625,19.53125,0.0
290.0078125,-17.578125,-33.203125,-19.53125,-27.34375,17.08984375,0.0
290.01171875,-19.53125,-32.71484375,-24.90234375,-30.2734375,-16.11328125,0.0
290.015625,-24.4140625,-27.83203125,-28.80859375,-13.671875,-63.4765625,0.0
290.01953125,-25.87890625,-25.390625,-30.2734375,-19.53125,-45.8984375,0.0
290.0234375,-31.25,-26.85546875,-27.34375,-35.15625,-15.625,0.0
290.02734375,-25.87890625,-26.3671875,-24.4140625,-27.83203125,-40.0390625,0.0
290.03125,-14.16015625,-21.97265625,-22.4609375,-21.484375,-28.3203125,0.0
290.03515625,-10.7421875,-20.5078125,-32.71484375,-34.1796875,-38.57421875,0.0
290.0390625,-9.27734375,-19.04296875,-30.76171875,-40.0390625,-37.109375,0.0
290.04296875,0.9765625,-11.71875,-25.390625,-41.50390625,-42.48046875,0.0
290.046875,26.3671875,-17.578125,-18.06640625,-18.06640625,4.8828125,0.0
290.05078125,11.23046875,-31.25,-9.27734375,-4.39453125,21.484375,0.0
290.0546875,-46.38671875,-41.50390625,-4.39453125,-31.73828125,-13.671875,0.0
290.05859375,-46.875,-41.9921875,-0.9765625,-34.1796875,1.46484375,0.0
290.0625,-15.13671875,-43.45703125,6.34765625,-14.6484375,-6.34765625,0.0
290.06640625,-39.0625,-52.24609375,17.08984375,-19.04296875,-18.5546875,0.0
290.0703125,-47.8515625,-59.08203125,30.2734375,-5.37109375,-59.08203125,0.0
290.07421875,-47.36328125,-64.94140625,41.9921875,15.13671875,-32.71484375,0.0
290.078125,-50.78125,-72.265625,41.015625,-11.71875,39.0625,0.0
290.08203125,-36.1328125,-77.1484375,39.0625,-28.3203125,-25.390625,0.0
290.0859375,-25.87890625,-72.75390625,44.921875,9.27734375,-49.8046875,0.0
290.08984375,-33.69140625,-74.21875,52.734375,19.53125,-43.9453125,0.0
290.09375,-31.73828125,-75.1953125,57.12890625,16.11328125,-69.3359375,0.0
290.09765625,-15.13671875,-72.75390625,51.26953125,21.484375,-19.04296875,0.0
290.1015625,-13.671875,-74.70703125,38.57421875,10.25390625,-43.9453125,0.0
290.10546875,-10.7421875,-69.82421875,31.25,10.25390625,-109.86328125,0.0
290.109375,-27.83203125,-64.94140625,31.25,14.16015625,-37.59765625,0.0
290.11328125,-19.04296875,-63.96484375,31.73828125,14.16015625,8.30078125,0.0
290.1171875,4.39453125,-59.08203125,29.78515625,14.6484375,-17.08984375,0.0
290.12109375,-2.9296875,-58.59375,19.53125,2.9296875,-16.11328125,0.0
290.125,-2.44140625,-59.5703125,17.08984375,0.0,-49.31640625,0.0
290.12890625,-1.46484375,-56.640625,19.53125,-0.48828125,-44.921875,0.0
290.1328125,-10.25390625,-54.6875,17.578125,7.8125,-5.37109375,0.0
290.13671875,-13.18359375,-55.6640625,20.5078125,14.16015625,-8.7890625,0.0
290.140625,-7.8125,-62.5,16.6015625,1.953125,-40.52734375,0.0
290.14453125,-5.859375,-54.19921875,5.859375,-10.25390625,-77.63671875,0.0
290.1484375,-11.71875,-42.48046875,4.8828125,-3.90625,-19.53125,0.0
290.15234375,-18.06640625,-46.38671875,7.32421875,3.41796875,25.390625,0.0
290.15625,-24.4140625,-45.8984375,-0.48828125,-3.41796875,93.75,0.0
290.16015625,-27.34375,-42.48046875,-20.01953125,-8.7890625,103.02734375,0.0
290.1640625,-21.484375,-44.43359375,-18.5546875,-16.6015625,-2.44140625,0.0
290.16796875,-20.01953125,-49.31640625,-9.765625,-19.04296875,1.46484375,0.0
290.171875,-29.78515625,-48.33984375,-7.8125,-17.578125,4.8828125,0.0
290.17578125,-31.25,-39.55078125,-4.8828125,-17.08984375,-5.37109375,0.0
290.1796875,-23.92578125,-36.62109375,-11.71875,-10.7421875,-36.62109375,0.0
290.18359375,-27.83203125,-39.55078125,-19.53125,-14.16015625,-129.8828125,0.0
290.1875,-38.0859375,-39.0625,-25.87890625,-20.01953125,-128.90625,0.0
290.19140625,-31.25,-38.0859375,-22.4609375,-12.6953125,-78.61328125,0.0
290.1953125,-28.3203125,-36.1328125,-15.625,-14.16015625,-130.37109375,0.0
290.19921875,-25.390625,-40.52734375,-27.34375,-20.99609375,-97.65625,0.0
290.203125,-19.53125,-39.0625,-31.73828125,-32.2265625,-50.29296875,0.0
290.20703125,-13.671875,-32.2265625,-14.6484375,-26.3671875,-99.12109375,0.0
290.2109375,-20.5078125,-34.66796875,-4.8828125,-11.23046875,-110.83984375,0.0
290.21484375,-26.3671875,-35.15625,-7.32421875,-13.18359375,-95.703125,0.0
290.21875,-22.4609375,-32.71484375,-12.6953125,-27.83203125,-127.44140625,0.0
290.22265625,-29.296875,-35.64453125,-20.5078125,-46.875,-127.9296875,0.0
290.2265625,-25.87890625,-37.59765625,-22.94921875,-35.15625,-86.42578125,0.0
290.23046875,-23.92578125,-32.2265625,-28.3203125,-27.34375,-48.828125,0.0
290.234375,-41.9921875,-31.73828125,-31.25,-20.99609375,16.11328125,0.0
290.23828125,-43.45703125,-41.50390625,-28.80859375,-29.78515625,-0.9765625,0.0
290.2421875,-32.2265625,-43.45703125,-23.92578125,-42.48046875,-41.015625,0.0
290.24609375,-41.50390625,-34.1796875,-28.80859375,-46.875,2.44140625,0.0
290.25,-31.73828125,-36.62109375,-32.71484375,-44.43359375,50.78125,0.0
290.25390625,-24.4140625,-33.69140625,-27.34375,-31.25,41.9921875,0.0
290.2578125,-49.31640625,-28.3203125,-26.3671875,-37.109375,-8.30078125,0.0
290.26171875,-37.59765625,-34.1796875,-35.15625,-41.9921875,-50.29296875,0.0
290.265625,-24.4140625,-37.109375,-33.69140625,-40.52734375,-41.50390625,0.0
290.26953125,-40.52734375,-35.15625,-26.85546875,-46.875,-49.8046875,0.0
290.2734375,-44.921875,-33.203125,-29.296875,-35.15625,-119.62890625,0.0
290.27734375,-34.66796875,-35.64453125,-27.34375,-35.64453125,-126.46484375,0.0
290.28125,-22.94921875,-34.66796875,-24.4140625,-37.109375,-88.8671875,0.0
290.28515625,-36.62109375,-30.2734375,-29.296875,-32.2265625,-54.6875,0.0
290.2890625,-47.8515625,-32.2265625,-15.13671875,-37.59765625,28.3203125,0.0
290.29296875,-45.8984375,-33.203125,-12.6953125,-35.15625,-27.34375,0.0
290.296875,-52.24609375,-36.1328125,-24.90234375,-34.1796875,-52.734375,0.0
290.30078125,-48.33984375,-36.62109375,-20.99609375,-37.109375,5.859375,0.0
290.3046875,-38.57421875,-33.203125,-18.5546875,-42.48046875,47.8515625,0.0
290.30859375,-51.7578125,-34.1796875,-23.4375,-50.78125,32.71484375,0.0
290.3125,-68.84765625,-35.15625,-27.34375,-15.13671875,21.97265625,0.0
290.31640625,-51.26953125,-33.203125,-29.78515625,-2.44140625,-26.3671875,0.0
290.3203125,-43.9453125,-33.69140625,-36.1328125,-23.92578125,-87.40234375,0.0
290.32421875,-41.9921875,-35.15625,-32.71484375,-35.15625,-25.87890625,0.0
290.328125,-52.734375,-40.0390625,-27.83203125,-40.52734375,-22.94921875,0.0
290.33203125,-58.10546875,-43.45703125,-27.34375,-30.76171875,-44.921875,0.0
290.3359375,-41.50390625,-37.59765625,-28.3203125,-30.2734375,-7.8125,0.0
290.33984375,-31.25,-32.2265625,-33.203125,-42.48046875,-11.71875,0.0
290.34375,-26.85546875,-28.3203125,-27.83203125,-32.2265625,-132.32421875,0.0
290.34765625,-36.1328125,-31.73828125,-21.97265625,-34.1796875,-130.37109375,0.0
290.3515625,-38.57421875,-34.1796875,-26.3671875,-33.203125,-22.4609375,0.0
290.35546875,-39.0625,-27.34375,-27.83203125,-35.15625,36.62109375,0.0
290.359375,-34.66796875,-29.296875,-30.76171875,-38.0859375,-9.765625,0.0
290.36328125,-28.80859375,-32.2265625,-29.78515625,-28.80859375,-76.171875,0.0
290.3671875,-31.25,-27.83203125,-34.1796875,-33.203125,-86.42578125,0.0
290.37109375,-47.36328125,-29.78515625,-41.50390625,-35.64453125,-43.9453125,0.0
290.375,-51.7578125,-26.3671875,-27.83203125,-29.78515625,56.15234375,0.0
290.37890625,-42.48046875,-33.69140625,-8.7890625,-27.83203125,73.73046875,0.0
290.3828125,-49.8046875,-45.8984375,-18.06640625,-48.33984375,-4.8828125,0.0
290.38671875,-28.80859375,-35.64453125,-28.3203125,-50.29296875,-73.73046875,0.0
290.390625,-22.94921875,-28.3203125,-23.92578125,-33.203125,-111.81640625,0.0
290.39453125,-34.1796875,-29.296875,-19.53125,-47.8515625,18.5546875,0.0
290.3984375,-22.94921875,-27.34375,-21.484375,-41.50390625,94.23828125,0.0
290.40234375,-31.25,-28.80859375,-25.390625,-36.62109375,-80.56640625,0.0
290.40625,-45.8984375,-29.78515625,-25.390625,-34.1796875,-89.35546875,0.0
290.41015625,-41.015625,-32.2265625,-27.83203125,-30.2734375,11.71875,0.0
290.4140625,-37.59765625,-35.64453125,-31.73828125,-30.76171875,-97.65625,0.0
290.41796875,-37.59765625,-35.15625,-28.80859375,-30.2734375,-206.0546875,0.0
290.421875,-30.2734375,-37.59765625,-21.484375,-31.25,-191.89453125,0.0
290.42578125,-25.390625,-33.203125,-24.90234375,-34.66796875,-166.9921875,0.0
290.4296875,-31.25,-33.69140625,-30.2734375,-40.52734375,-178.7109375,0.0
290.43359375,-38.0859375,-39.0625,-23.4375,-30.2734375,-121.09375,0.0
290.4375,-36.1328125,-33.69140625,-23.92578125,-24.90234375,35.64453125,0.0
290.44140625,-22.4609375,-32.2265625,-27.83203125,-28.3203125,113.76953125,0.0
290.4453125,-14.16015625,-36.1328125,-29.78515625,-35.64453125,112.3046875,0.0
290.44921875,-17.578125,-35.15625,-38.0859375,-32.2265625,20.99609375,0.0
290.453125,-28.3203125,-31.25,-34.66796875,-28.80859375,-22.94921875,0.0
290.45703125,-37.59765625,-22.4609375,-24.4140625,-27.34375,-53.22265625,0.0
290.4609375,-35.15625,-22.4609375,-24.90234375,-26.85546875,-99.12109375,0.0
290.46484375,-31.25,-27.83203125,-21.97265625,-27.83203125,-59.08203125,0.0
290.46875,-33.69140625,-30.76171875,-12.6953125,-28.80859375,-41.50390625,0.0
290.47265625,-43.9453125,-31.73828125,-15.13671875,-41.9921875,-29.296875,0.0
290.4765625,-42.48046875,-32.2265625,-30.2734375,-49.8046875,1.953125,0.0
290.48046875,-34.1796875,-30.76171875,-39.0625,-42.48046875,21.484375,0.0
290.484375,-38.0859375,-37.109375,-32.71484375,-20.01953125,-53.7109375,0.0
290.48828125,-51.26953125,-43.9453125,-24.90234375,-22.4609375,-73.2421875,0.0
290.4921875,-57.12890625,-38.57421875,-21.484375,-31.25,-48.828125,0.0
290.49609375,-49.31640625,-33.69140625,-23.4375,-30.76171875,-82.03125,0.0
290.5,-41.9921875,-30.76171875,-28.80859375,-40.0390625,-73.2421875,0.0
290.50390625,-26.3671875,-37.109375,-42.96875,-42.96875,-45.41015625,0.0
290.5078125,-32.71484375,-40.52734375,-47.36328125,-31.25,-11.71875,0.0
290.51171875,-38.0859375,-31.73828125,-32.2265625,-28.3203125,56.640625,0.0
290.515625,-36.62109375,-30.76171875,-30.76171875,-24.90234375,125.9765625,0.0
290.51953125,-33.69140625,-32.71484375,-36.1328125,-15.13671875,79.1015625,0.0
290.5234375,-20.5078125,-24.90234375,-41.50390625,-25.390625,-1.953125,0.0
290.52734375,-30.2734375,-26.3671875,-48.33984375,-46.875,-98.14453125,0.0
290.53125,-44.43359375,-38.0859375,-27.83203125,-35.64453125,-142.578125,0.0
290.53515625,-33.69140625,-34.66796875,-16.11328125,-28.80859375,-128.90625,0.0
290.5390625,-31.73828125,-29.78515625,-23.4375,-30.2734375,-151.85546875,0.0
290.54296875,-32.2265625,-32.71484375,-23.4375,-27.83203125,-124.51171875,0.0
290.546875,-27.34375,-34.1796875,-27.34375,-39.0625,-18.06640625,0.0
290.55078125,-39.55078125,-30.2734375,-28.80859375,-33.203125,-1.953125,0.0
290.5546875,-40.0390625,-25.87890625,-23.92578125,-29.296875,50.29296875,0.0
290.55859375,-33.203125,-29.296875,-23.4375,-36.62109375,102.05078125,0.0
290.5625,-32.71484375,-39.55078125,-29.296875,-39.55078125,88.8671875,0.0
290.56640625,-32.2265625,-36.62109375,-34.1796875,-38.57421875,33.203125,0.0
290.5703125,-30.2734375,-31.25,-32.71484375,-32.71484375,-31.73828125,0.0
290.57421875,-18.06640625,-31.73828125,-33.203125,-26.85546875,-62.01171875,0.0
290.578125,-21.97265625,-26.85546875,-34.66796875,-41.015625,81.0546875,0.0
290.58203125,-25.87890625,-24.4140625,-32.2265625,-23.4375,137.6953125,0.0
290.5859375,-25.87890625,-23.4375,-28.80859375,-9.765625,-50.78125,0.0
290.58984375,-26.85546875,-27.83203125,-30.76171875,-28.3203125,-134.765625,0.0
290.59375,-41.50390625,-31.73828125,-30.76171875,-32.2265625,-23.4375,0.0
290.59765625,-31.73828125,-28.3203125,-28.80859375,-38.0859375,20.99609375,0.0
290.6015625,-15.625,-31.25,-23.92578125,-41.015625,-1.46484375,0.0
290.60546875,-17.08984375,-32.71484375,-20.99609375,-35.15625,-33.203125,0.0
290.609375,-28.3203125,-35.64453125,-25.87890625,-41.015625,-66.89453125,0.0
290.61328125,-56.640625,-39.55078125,-29.296875,-49.31640625,-36.1328125,0.0
290.6171875,-48.33984375,-36.1328125,-30.2734375,-43.9453125,-13.671875,0.0
290.62109375,-38.0859375,-38.0859375,-36.1328125,-42.48046875,-10.25390625,0.0
290.625,-41.015625,-37.109375,-42.48046875,-45.8984375,-28.80859375,0.0
290.62890625,-31.25,-29.296875,-42.48046875,-39.0625,-76.171875,0.0
290.6328125,-39.0625,-28.80859375,-34.66796875,-29.296875,-70.80078125,0.0
290.63671875,-36.1328125,-35.15625,-36.1328125,-27.34375,-18.06640625,0.0
290.640625,-35.64453125,-37.59765625,-40.52734375,-30.76171875,60.05859375,0.0
290.64453125,-35.15625,-31.25,-35.15625,-46.38671875,74.21875,0.0
290.6484375,-20.01953125,-29.296875,-26.3671875,-51.26953125,32.71484375,0.0
290.65234375,-30.76171875,-32.2265625,-22.4609375,-20.5078125,49.31640625,0.0
290.65625,-37.109375,-33.69140625,-21.97265625,-8.7890625,10.25390625,0.0
290.66015625,-27.83203125,-31.73828125,-23.4375,-21.484375,-33.203125,0.0
290.6640625,-19.04296875,-31.25,-16.11328125,-33.69140625,-22.94921875,0.0
290.66796875,-22.94921875,-31.73828125,-20.99609375,-34.66796875,-4.39453125,0.0
290.671875,-28.3203125,-27.34375,-28.80859375,-26.85546875,-6.8359375,0.0
290.67578125,-32.2265625,-32.2265625,-28.80859375,-20.01953125,23.92578125,0.0
290.6796875,-33.69140625,-36.62109375,-27.83203125,-23.92578125,64.94140625,0.0
290.68359375,-20.99609375,-29.78515625,-30.76171875,-28.3203125,-3.41796875,0.0
290.6875,-26.85546875,-31.25,-29.78515625,-21.484375,-74.21875,0.0
290.69140625,-29.296875,-36.1328125,-25.87890625,-26.3671875,-27.34375,0.0
290.6953125,-26.85546875,-32.71484375,-20.5078125,-20.5078125,-19.04296875,0.0
290.69921875,-37.59765625,-27.83203125,-23.92578125,-12.20703125,-76.66015625,0.0
290.703125,-30.2734375,-31.25,-27.83203125,-24.90234375,-87.40234375,0.0
290.70703125,-30.76171875,-38.0859375,-14.16015625,-33.69140625,-80.078125,0.0
290.7109375,-29.296875,-37.59765625,-17.578125,-30.2734375,-92.28515625,0.0
290.71484375,-31.73828125,-32.2265625,-31.73828125,-17.08984375,-86.9140625,0.0
290.71875,-32.71484375,-25.390625,-25.390625,-13.18359375,1.953125,0.0
290.72265625,-14.16015625,-23.4375,-22.94921875,-22.4609375,-41.50390625,0.0
290.7265625,-26.3671875,-28.80859375,-23.4375,-38.57421875,-124.51171875,0.0
290.73046875,-39.0625,-32.71484375,-25.87890625,-25.87890625,-105.46875,0.0
290.734375,-32.71484375,-31.73828125,-26.3671875,-16.6015625,-92.28515625,0.0
290.73828125,-27.83203125,-30.2734375,-29.78515625,-24.90234375,-78.125,0.0
290.7421875,-34.66796875,-33.203125,-40.0390625,-33.203125,-66.40625,0.0
290.74609375,-29.78515625,-39.0625,-36.62109375,-38.0859375,-39.0625,0.0
290.75,-25.390625,-32.2265625,-33.203125,-26.85546875,-26.85546875,0.0
290.75390625,-39.55078125,-29.78515625,-20.99609375,-23.4375,-60.546875,0.0
290.7578125,-40.0390625,-38.57421875,-21.484375,-35.64453125,-25.87890625,0.0
290.76171875,-26.85546875,-34.1796875,-34.66796875,-41.9921875,-43.45703125,0.0
290.765625,-16.6015625,-26.85546875,-32.2265625,-43.9453125,-92.7734375,0.0
290.76953125,-35.64453125,-23.92578125,-28.3203125,-27.83203125,-137.6953125,0.0
290.7734375,-49.8046875,-28.80859375,-27.34375,-19.04296875,-143.5546875,0.0
290.77734375,-47.8515625,-36.1328125,-32.71484375,-28.80859375,-69.3359375,0.0
290.78125,-43.45703125,-35.15625,-34.1796875,-24.90234375,-20.99609375,0.0
290.78515625,-40.52734375,-30.76171875,-32.2265625,-27.83203125,-30.76171875,0.0
290.7890625,-53.7109375,-30.2734375,-35.15625,-39.55078125,-43.9453125,0.0
290.79296875,-44.43359375,-28.3203125,-34.1796875,-28.3203125,77.63671875,0.0
290.796875,-39.0625,-23.4375,-20.5078125,-33.69140625,83.984375,0.0
290.80078125,-36.1328125,-22.94921875,-15.625,-50.29296875,-39.0625,0.0
290.8046875,-21.484375,-25.87890625,-25.87890625,-36.62109375,-16.6015625,0.0
290.80859375,-39.55078125,-29.296875,-32.2265625,-20.5078125,34.66796875,0.0
290.8125,-50.78125,-29.296875,-27.83203125,-13.671875,75.1953125,0.0
290.81640625,-47.36328125,-33.69140625,-22.94921875,-21.484375,53.7109375,0.0
290.8203125,-41.015625,-39.0625,-24.90234375,-33.69140625,-26.3671875,0.0
290.82421875,-21.97265625,-34.1796875,-29.296875,-32.2265625,-25.87890625,0.0
290.828125,-25.87890625,-28.3203125,-30.2734375,-33.203125,-33.69140625,0.0
290.83203125,-34.1796875,-28.3203125,-29.296875,-19.53125,-113.28125,0.0
290.8359375,-38.0859375,-26.3671875,-29.78515625,-20.99609375,-98.6328125,0.0
290.83984375,-41.9921875,-21.484375,-29.296875,-35.15625,-76.66015625,0.0
290.84375,-25.390625,-24.90234375,-20.99609375,-32.71484375,-29.296875,0.0
290.84765625,-37.59765625,-35.15625,-24.90234375,-25.390625,25.87890625,0.0
290.8515625,-51.7578125,-37.59765625,-34.1796875,-27.83203125,51.7578125,0.0
290.85546875,-33.203125,-36.62109375,-38.0859375,-35.64453125,-30.76171875,0.0
290.859375,-14.16015625,-34.66796875,-36.62109375,-22.94921875,-130.37109375,0.0
290.86328125,-19.53125,-35.15625,-37.109375,-33.69140625,-143.06640625,0.0
290.8671875,-38.57421875,-28.80859375,-34.1796875,-52.734375,-125.0,0.0
290.87109375,-41.015625,-23.92578125,-30.2734375,-35.64453125,-146.484375,0.0
290.875,-31.25,-30.76171875,-36.1328125,-36.1328125,-82.03125,0.0
290.87890625,-19.53125,-31.73828125,-32.2265625,-38.0859375,-18.5546875,0.0
290.8828125,-5.859375,-26.85546875,-30.2734375,-53.22265625,-37.109375,0.0
290.88671875,-15.13671875,-27.83203125,-22.4609375,-60.546875,-88.37890625,0.0
290.890625,-35.15625,-27.83203125,-18.5546875,-22.94921875,-65.91796875,0.0
290.89453125,-38.0859375,-26.3671875,-27.34375,-23.4375,-23.4375,0.0
290.8984375,-42.48046875,-29.296875,-29.78515625,-43.45703125,-63.96484375,0.0
290.90234375,-45.41015625,-29.296875,-35.15625,-42.96875,-77.1484375,0.0
290.90625,-44.921875,-28.3203125,-33.203125,-36.1328125,-66.40625,0.0
290.91015625,-44.921875,-24.4140625,-29.296875,-40.52734375,-49.8046875,0.0
290.9140625,-45.41015625,-25.87890625,-36.62109375,-39.55078125,-48.828125,0.0
290.91796875,-32.71484375,-29.78515625,-33.203125,-29.78515625,-26.85546875,0.0
290.921875,-39.55078125,-31.73828125,-27.34375,-43.45703125,-107.421875,0.0
290.92578125,-50.78125,-30.2734375,-30.76171875,-42.96875,-142.08984375,0.0
290.9296875,-50.78125,-29.78515625,-27.83203125,-26.3671875,-51.7578125,0.0
290.93359375,-42.96875,-32.2265625,-13.18359375,-23.92578125,-45.8984375,0.0
290.9375,-34.1796875,-32.71484375,-16.11328125,-28.80859375,-7.8125,0.0
290.94140625,-38.57421875,-37.109375,-28.80859375,-34.66796875,35.64453125,0.0
290.9453125,-33.69140625,-40.0390625,-25.390625,-37.109375,1.46484375,0.0
290.94921875,-41.9921875,-38.0859375,-26.3671875,-45.41015625,45.41015625,0.0
290.953125,-50.78125,-36.62109375,-31.25,-41.015625,51.7578125,0.0
290.95703125,-34.1796875,-33.203125,-28.3203125,-23.92578125,23.92578125,0.0
290.9609375,-28.3203125,-30.76171875,-30.2734375,-44.43359375,30.2734375,0.0
290.96484375,-33.203125,-39.0625,-39.55078125,-56.640625,-26.85546875,0.0
290.96875,-35.15625,-42.96875,-41.9921875,-39.55078125,-57.12890625,0.0
290.97265625,-39.0625,-39.0625,-40.52734375,-33.203125,-83.49609375,0.0
290.9765625,-45.41015625,-40.0390625,-36.1328125,-38.57421875,-11.71875,0.0
290.98046875,-35.15625,-41.50390625,-35.15625,-46.875,39.0625,0.0
290.984375,-32.2265625,-43.45703125,-37.109375,-38.57421875,-14.6484375,0.0
290.98828125,-47.36328125,-40.52734375,-37.59765625,-31.73828125,-34.1796875,0.0
290.9921875,-35.15625,-37.59765625,-20.01953125,-24.4140625,-33.69140625,0.0
290.99609375,-31.25,-40.0390625,-16.6015625,-9.765625,-95.703125,0.0
291.0,-30.76171875,-30.76171875,-34.66796875,3.90625,-63.96484375,0.0
291.00390625,-32.71484375,-24.90234375,-49.8046875,-25.87890625,-6.8359375,0.0
291.0078125,-67.3828125,-24.90234375,-59.5703125,-62.98828125,-37.109375,0.0
291.01171875,-79.1015625,-9.765625,-63.96484375,-67.87109375,-24.4140625,0.0
291.015625,-74.21875,-3.41796875,-72.265625,-77.63671875,-51.7578125,0.0
291.01953125,-88.8671875,-8.30078125,-82.03125,-104.98046875,-99.12109375,0.0
291.0234375,-87.40234375,-6.8359375,-90.33203125,-111.328125,-21.97265625,0.0
291.02734375,-105.46875,-0.48828125,-103.02734375,-129.8828125,2.9296875,0.0
291.03125,-128.41796875,6.34765625,-107.91015625,-146.97265625,-12.6953125,0.0
291.03515625,-118.65234375,11.23046875,-106.4453125,-151.85546875,11.23046875,0.0
291.0390625,-120.1171875,9.765625,-94.23828125,-155.76171875,4.39453125,0.0
291.04296875,-118.65234375,16.6015625,-94.7265625,-154.296875,-32.2265625,0.0
291.046875,-115.234375,20.99609375,-115.234375,-164.55078125,2.9296875,0.0
291.05078125,-105.95703125,20.5078125,-119.62890625,-173.33984375,-0.9765625,0.0
291.0546875,-105.95703125,22.4609375,-116.2109375,-174.8046875,5.37109375,0.0
291.05859375,-110.3515625,18.06640625,-117.1875,-179.19921875,6.8359375,0.0
291.0625,-94.7265625,21.97265625,-114.74609375,-163.57421875,-41.9921875,0.0
291.06640625,-96.19140625,20.01953125,-112.3046875,-144.53125,-19.04296875,0.0
291.0703125,-104.4921875,11.71875,-110.3515625,-145.01953125,23.4375,0.0
291.07421875,-96.19140625,1.46484375,-99.609375,-133.30078125,-4.39453125,0.0
291.078125,-86.9140625,8.30078125,-88.37890625,-120.60546875,15.625,0.0
291.08203125,-87.890625,8.7890625,-80.078125,-120.60546875,31.25,0.0
291.0859375,-69.82421875,-4.8828125,-86.42578125,-116.69921875,-24.4140625,0.0
291.08984375,-52.734375,1.953125,-85.44921875,-97.16796875,-26.85546875,0.0
291.09375,-60.05859375,3.90625,-80.078125,-70.3125,-91.30859375,0.0
291.09765625,-60.05859375,-2.9296875,-77.1484375,-80.56640625,-154.78515625,0.0
291.1015625,-46.875,-1.953125,-67.87109375,-84.9609375,-67.87109375,0.0
291.10546875,-39.55078125,-5.37109375,-65.4296875,-61.5234375,-74.70703125,0.0
291.109375,-45.8984375,-11.23046875,-67.87109375,-59.5703125,-152.83203125,0.0
291.11328125,-47.8515625,-12.6953125,-69.82421875,-53.7109375,-70.3125,0.0
291.1171875,-43.9453125,-8.7890625,-63.96484375,-45.8984375,44.921875,0.0
291.12109375,-22.94921875,-10.7421875,-64.453125,-60.05859375,9.27734375,0.0
291.125,-15.625,-18.5546875,-64.94140625,-56.640625,-40.0390625,0.0
291.12890625,-33.203125,-22.4609375,-54.19921875,-46.875,-65.91796875,0.0
291.1328125,-18.5546875,-16.6015625,-52.24609375,-42.48046875,-5.37109375,0.0
291.13671875,-15.625,-18.06640625,-49.31640625,-36.1328125,-4.8828125,0.0
291.140625,-24.4140625,-21.97265625,-50.78125,-45.8984375,-55.17578125,0.0
291.14453125,-21.97265625,-20.5078125,-54.19921875,-52.734375,-72.75390625,0.0
291.1484375,-43.45703125,-22.4609375,-47.8515625,-41.9921875,-41.015625,0.0
291.15234375,-47.8515625,-31.25,-38.0859375,-42.96875,-32.2265625,0.0
291.15625,-40.52734375,-27.83203125,-37.109375,-29.78515625,-81.54296875,0.0
291.16015625,-41.015625,-21.484375,-42.96875,-18.06640625,-73.73046875,0.0
291.1640625,-24.90234375,-21.484375,-48.33984375,-36.1328125,-62.98828125,0.0
291.16796875,-12.20703125,-19.53125,-43.9453125,-38.57421875,-40.52734375,0.0
291.171875,-18.5546875,-22.4609375,-32.2265625,-23.4375,-28.80859375,0.0
291.17578125,-19.04296875,-21.97265625,-37.109375,-23.4375,18.06640625,0.0
291.1796875,-11.71875,-20.99609375,-46.38671875,-28.80859375,-0.9765625,0.0
291.18359375,1.953125,-21.97265625,-48.33984375,-25.390625,-96.19140625,0.0
291.1875,-5.859375,-21.484375,-43.9453125,-15.625,-33.69140625,0.0
291.19140625,-15.625,-32.71484375,-39.0625,-14.16015625,34.66796875,0.0
291.1953125,-13.671875,-33.203125,-41.50390625,-18.5546875,-48.828125,0.0
291.19921875,-13.671875,-28.3203125,-47.8515625,-34.1796875,-93.75,0.0
291.203125,-19.53125,-26.85546875,-45.41015625,-34.1796875,-58.10546875,0.0
291.20703125,-22.94921875,-28.3203125,-38.0859375,-31.73828125,-42.96875,0.0
291.2109375,-25.390625,-32.71484375,-38.57421875,-23.92578125,-26.85546875,0.0
291.21484375,-29.78515625,-33.203125,-40.0390625,-11.23046875,3.90625,0.0
291.21875,-26.85546875,-31.73828125,-27.34375,-6.8359375,-8.30078125,0.0
291.22265625,-20.5078125,-32.71484375,-25.390625,-15.625,-79.1015625,0.0
291.2265625,-20.5078125,-41.015625,-32.2265625,-28.3203125,-88.37890625,0.0
291.23046875,-31.73828125,-39.0625,-31.73828125,-21.97265625,-86.42578125,0.0
291.234375,-33.203125,-27.83203125,-29.78515625,-19.53125,-81.54296875,0.0
291.23828125,-25.390625,-26.3671875,-24.90234375,-18.5546875,-79.58984375,0.0
291.2421875,-13.671875,-26.85546875,-28.3203125,-16.11328125,-65.4296875,0.0
291.24609375,-15.13671875,-28.80859375,-35.64453125,-20.5078125,-27.83203125,0.0
291.25,-18.06640625,-24.90234375,-32.71484375,-21.97265625,-13.671875,0.0
291.25390625,-22.4609375,-24.4140625,-35.64453125,-19.53125,-76.171875,0.0
291.2578125,-36.62109375,-24.90234375,-36.1328125,-16.11328125,-166.9921875,0.0
291.26171875,-35.15625,-31.25,-34.1796875,-25.87890625,-206.54296875,0.0
291.265625,-30.76171875,-38.57421875,-36.62109375,-33.69140625,-246.58203125,0.0
291.26953125,-29.78515625,-31.73828125,-38.0859375,-27.83203125,-218.75,0.0
291.2734375,-37.59765625,-24.90234375,-34.66796875,-21.97265625,-204.1015625,0.0
291.27734375,-40.0390625,-25.87890625,-36.1328125,-26.85546875,-194.82421875,0.0
291.28125,-18.5546875,-32.71484375,-40.52734375,-35.15625,-117.1875,0.0
291.28515625,-25.390625,-32.71484375,-34.1796875,-29.296875,37.109375,0.0
291.2890625,-39.55078125,-29.78515625,-26.85546875,-28.80859375,91.796875,0.0
291.29296875,-42.48046875,-20.99609375,-25.390625,-24.90234375,90.33203125,0.0
291.296875,-41.015625,-26.3671875,-35.15625,-22.94921875,107.421875,0.0
291.30078125,-40.0390625,-38.0859375,-45.41015625,-36.62109375,0.48828125,0.0
291.3046875,-37.109375,-35.64453125,-28.80859375,-31.25,-140.13671875,0.0
291.30859375,-40.0390625,-35.64453125,-12.6953125,-29.296875,-186.5234375,0.0
291.3125,-44.43359375,-34.66796875,-23.92578125,-34.66796875,-190.91796875,0.0
291.31640625,-36.1328125,-27.83203125,-28.3203125,-36.1328125,-104.98046875,0.0
291.3203125,-37.59765625,-28.3203125,-23.92578125,-36.62109375,-74.21875,0.0
291.32421875,-33.69140625,-27.34375,-20.01953125,-35.15625,-48.33984375,0.0
291.328125,-36.1328125,-28.80859375,-30.2734375,-35.15625,16.6015625,0.0
291.33203125,-43.45703125,-32.2265625,-40.52734375,-36.62109375,22.94921875,0.0
291.3359375,-23.92578125,-36.1328125,-38.0859375,-29.78515625,-45.41015625,0.0
291.33984375,-0.9765625,-39.0625,-31.25,5.859375,-108.3984375,0.0
291.34375,-25.87890625,-37.109375,-17.578125,-5.859375,-82.51953125,0.0
291.34765625,-52.24609375,-40.52734375,-11.71875,-48.828125,-75.68359375,0.0
291.3515625,-41.015625,-42.96875,-3.90625,-22.4609375,-83.0078125,0.0
291.35546875,-29.78515625,-48.828125,3.41796875,7.32421875,-3.90625,0.0
291.359375,-19.04296875,-57.6171875,5.859375,10.7421875,51.26953125,0.0
291.36328125,-16.11328125,-64.94140625,9.765625,-6.34765625,-19.04296875,0.0
291.3671875,-12.6953125,-70.80078125,23.4375,1.46484375,-110.83984375,0.0
291.37109375,-28.3203125,-75.1953125,28.3203125,21.97265625,-28.3203125,0.0
291.375,-30.76171875,-78.125,23.92578125,21.484375,43.9453125,0.0
291.37890625,-15.625,-75.1953125,23.4375,15.13671875,22.4609375,0.0
291.3828125,-14.16015625,-73.73046875,19.04296875,12.6953125,20.01953125,0.0
291.38671875,-3.41796875,-70.80078125,24.90234375,31.25,-0.48828125,0.0
291.390625,-9.27734375,-65.4296875,29.296875,29.296875,-49.8046875,0.0
291.39453125,-20.5078125,-62.01171875,23.92578125,20.01953125,-47.8515625,0.0
291.3984375,-20.99609375,-60.546875,17.578125,9.765625,19.53125,0.0
291.40234375,-26.3671875,-59.08203125,12.6953125,0.9765625,30.76171875,0.0
291.40625,-11.71875,-57.6171875,14.16015625,8.7890625,15.13671875,0.0
291.41015625,-3.41796875,-57.6171875,14.6484375,13.671875,12.6953125,0.0
291.4140625,-15.625,-58.59375,15.13671875,23.92578125,2.44140625,0.0
291.41796875,-17.578125,-56.640625,7.32421875,3.90625,60.05859375,0.0
291.421875,-8.30078125,-57.12890625,-7.32421875,-5.37109375,136.71875,0.0
291.42578125,-1.953125,-47.36328125,-5.859375,6.34765625,121.09375,0.0
291.4296875,-12.20703125,-43.45703125,-3.90625,2.44140625,67.3828125,0.0
291.43359375,-16.11328125,-50.29296875,-10.25390625,9.765625,56.15234375,0.0
291.4375,-11.23046875,-47.8515625,-10.25390625,5.37109375,-1.953125,0.0
291.44140625,-6.34765625,-48.828125,-6.8359375,-9.27734375,-33.203125,0.0
291.4453125,-14.6484375,-54.6875,2.44140625,-12.20703125,-5.37109375,0.0
291.44921875,-27.83203125,-52.24609375,0.9765625,-13.18359375,-65.91796875,0.0
291.453125,-24.90234375,-44.921875,-9.27734375,-5.859375,-102.05078125,0.0
291.45703125,-28.80859375,-36.1328125,1.46484375,-7.32421875,-41.9921875,0.0
291.4609375,-30.76171875,-36.1328125,-0.48828125,-15.13671875,-11.71875,0.0
291.46484375,-9.27734375,-37.59765625,-6.34765625,-12.6953125,0.48828125,0.0
291.46875,-17.578125,-44.921875,-5.859375,-12.20703125,28.3203125,0.0
291.47265625,-48.33984375,-52.24609375,-11.71875,-21.484375,74.21875,0.0
291.4765625,-30.2734375,-49.8046875,-11.23046875,-13.18359375,43.9453125,0.0
291.48046875,-13.671875,-54.19921875,-24.90234375,-13.671875,-32.71484375,0.0
291.484375,-14.16015625,-43.9453125,-24.4140625,-8.30078125,-24.90234375,0.0
291.48828125,-25.390625,-37.109375,-9.765625,-6.8359375,20.01953125,0.0
291.4921875,-16.6015625,-42.96875,-7.32421875,1.953125,15.13671875,0.0
291.49609375,4.39453125,-28.80859375,-20.01953125,17.578125,-11.71875,0.0
291.5,-35.15625,-20.99609375,-30.76171875,-31.25,45.41015625,0.0
291.50390625,-62.98828125,-24.4140625,-27.83203125,-65.4296875,47.8515625,0.0
291.5078125,-68.359375,-27.83203125,-47.36328125,-67.3828125,-68.84765625,0.0
291.51171875,-83.0078125,-29.296875,-64.94140625,-77.1484375,-97.16796875,0.0
291.515625,-85.9375,-26.3671875,-56.15234375,-95.21484375,-72.265625,0.0
291.51953125,-92.28515625,-11.23046875,-52.734375,-116.69921875,-41.015625,0.0
291.5234375,-101.5625,-6.8359375,-63.4765625,-137.20703125,-61.5234375,0.0
291.52734375,-111.328125,-20.99609375,-73.2421875,-137.20703125,-118.1640625,0.0
291.53125,-127.44140625,-22.94921875,-82.51953125,-133.30078125,-155.76171875,0.0
291.53515625,-136.71875,-24.90234375,-86.42578125,-143.06640625,-125.48828125,0.0
291.5390625,-128.90625,-11.71875,-80.56640625,-143.5546875,-23.92578125,0.0
291.54296875,-123.046875,-7.8125,-84.47265625,-143.06640625,30.76171875,0.0
291.546875,-107.91015625,-8.7890625,-86.9140625,-143.06640625,8.7890625,0.0
291.55078125,-99.12109375,-1.953125,-80.078125,-139.6484375,-23.92578125,0.0
291.5546875,-104.00390625,-5.859375,-82.51953125,-130.859375,-53.7109375,0.0
291.55859375,-108.3984375,-15.625,-80.56640625,-116.69921875,9.765625,0.0
291.5625,-84.9609375,-17.08984375,-84.47265625,-103.515625,-24.4140625,0.0
291.56640625,-65.4296875,-14.16015625,-84.9609375,-83.49609375,-59.5703125,0.0
291.5703125,-64.94140625,-20.5078125,-71.77734375,-75.68359375,-13.18359375,0.0
291.57421875,-67.3828125,-28.3203125,-59.08203125,-78.125,60.546875,0.0
291.578125,-59.08203125,-16.11328125,-59.5703125,-65.4296875,53.22265625,0.0
291.58203125,-31.25,-14.6484375,-63.4765625,-62.98828125,-23.4375,0.0
291.5859375,-34.66796875,-24.4140625,-46.38671875,-57.12890625,-66.89453125,0.0
291.58984375,-37.59765625,-18.06640625,-34.1796875,-44.921875,13.671875,0.0
291.59375,-52.734375,-21.97265625,-38.57421875,-34.1796875,79.58984375,0.0
291.59765625,-45.41015625,-33.69140625,-48.33984375,-32.2265625,35.15625,0.0
291.6015625,-26.3671875,-38.0859375,-52.734375,-38.57421875,-94.7265625,0.0
291.60546875,-38.57421875,-32.2265625,-43.9453125,-51.7578125,-95.21484375,0.0
291.609375,-48.828125,-27.34375,-35.64453125,-49.31640625,0.48828125,0.0
291.61328125,-37.59765625,-28.80859375,-40.0390625,-39.55078125,5.37109375,0.0
291.6171875,-32.71484375,-24.4140625,-51.26953125,-41.9921875,46.875,0.0
291.62109375,-36.1328125,-19.04296875,-52.24609375,-47.36328125,24.90234375,0.0
291.625,-34.66796875,-25.390625,-43.45703125,-45.41015625,2.44140625,0.0
291.62890625,-34.66796875,-25.390625,-39.0625,-41.015625,61.03515625,0.0
291.6328125,-33.69140625,-16.11328125,-35.64453125,-41.015625,63.96484375,0.0
291.63671875,-31.25,-26.85546875,-30.76171875,-39.55078125,-11.71875,0.0
291.640625,-24.90234375,-39.55078125,-32.2265625,-35.15625,-111.328125,0.0
291.64453125,-31.25,-37.59765625,-37.59765625,-29.296875,-126.46484375,0.0
291.6484375,-31.25,-32.2265625,-49.31640625,-32.2265625,-67.3828125,0.0
291.65234375,-26.3671875,-32.2265625,-39.55078125,-38.0859375,-56.640625,0.0
291.65625,-26.85546875,-25.87890625,-31.25,-25.390625,-28.3203125,0.0
291.66015625,-20.01953125,-20.99609375,-27.34375,-1.953125,22.4609375,0.0
291.6640625,-1.953125,-18.5546875,-26.85546875,-10.25390625,52.734375,0.0
291.66796875,-23.92578125,-13.671875,-38.57421875,-48.828125,10.7421875,0.0
291.671875,-50.78125,-11.23046875,-45.41015625,-58.10546875,-8.7890625,0.0
291.67578125,-50.29296875,-13.18359375,-44.921875,-44.43359375,-11.23046875,0.0
291.6796875,-33.203125,-22.4609375,-42.96875,-51.7578125,-55.6640625,0.0
291.68359375,-19.53125,-25.390625,-48.33984375,-71.2890625,-39.55078125,0.0
291.6875,-29.296875,-28.80859375,-55.17578125,-73.73046875,-110.83984375,0.0
291.69140625,-39.0625,-22.4609375,-49.8046875,-64.94140625,-62.5,0.0
291.6953125,-32.71484375,-5.859375,-38.0859375,-54.19921875,27.83203125,0.0
291.69921875,-13.18359375,-9.765625,-41.50390625,-41.9921875,-84.9609375,0.0
291.703125,-15.13671875,-25.390625,-58.10546875,-41.50390625,-69.3359375,0.0
291.70703125,-30.2734375,-32.2265625,-49.31640625,-37.59765625,30.2734375,0.0
291.7109375,-38.0859375,-32.2265625,-36.1328125,-39.0625,-11.23046875,0.0
291.71484375,-50.29296875,-23.4375,-31.25,-36.1328125,-24.4140625,0.0
291.71875,-43.9453125,-23.4375,-40.52734375,-31.25,33.203125,0.0
291.72265625,-35.15625,-33.69140625,-42.96875,-39.0625,3.90625,0.0
291.7265625,-39.55078125,-21.97265625,-33.69140625,-39.55078125,-142.578125,0.0
291.73046875,-29.78515625,-8.30078125,-32.2265625,-36.1328125,-148.4375,0.0
291.734375,-33.203125,-20.01953125,-38.57421875,-44.43359375,-115.72265625,0.0
291.73828125,-28.3203125,-36.1328125,-40.52734375,-32.2265625,-110.3515625,0.0
291.7421875,-25.390625,-23.92578125,-36.1328125,-34.66796875,-214.84375,0.0
291.74609375,-19.53125,-15.13671875,-41.50390625,-42.96875,-260.25390625,0.0
291.75,-22.94921875,-25.390625,-36.1328125,-24.90234375,-220.703125,0.0
291.75390625,-34.1796875,-30.2734375,-33.203125,-18.06640625,-233.88671875,0.0
291.7578125,-31.25,-31.25,-48.33984375,-20.99609375,-268.5546875,0.0
291.76171875,-30.76171875,-33.69140625,-52.24609375,-30.76171875,-240.72265625,0.0
291.765625,-28.3203125,-21.97265625,-43.45703125,-41.9921875,-166.50390625,0.0
291.76953125,-21.484375,-20.99609375,-41.9921875,-36.62109375,-138.671875,0.0
291.7734375,-31.25,-32.2265625,-43.9453125,-10.7421875,-110.3515625,0.0
291.77734375,-33.203125,-29.78515625,-31.73828125,-11.23046875,-100.5859375,0.0
291.78125,-27.83203125,-23.92578125,-23.4375,-36.1328125,-153.3203125,0.0
291.78515625,-30.2734375,-25.390625,-32.71484375,-38.0859375,-116.69921875,0.0
291.7890625,-25.87890625,-24.4140625,-19.04296875,-37.109375,-8.7890625,0.0
291.79296875,-26.3671875,-26.3671875,-23.92578125,-23.4375,36.62109375,0.0
291.796875,-46.38671875,-34.66796875,-42.48046875,-34.1796875,66.40625,0.0
291.80078125,-49.31640625,-34.1796875,-29.296875,-39.0625,88.8671875,0.0
291.8046875,-34.66796875,-24.90234375,-23.92578125,-31.25,68.84765625,0.0
291.80859375,-38.57421875,-21.97265625,-40.52734375,-40.0390625,26.85546875,0.0
291.8125,-48.33984375,-20.5078125,-47.36328125,-33.69140625,39.55078125,0.0
291.81640625,-42.96875,-20.99609375,-33.69140625,-26.3671875,48.33984375,0.0
291.8203125,-46.38671875,-36.1328125,-35.15625,-27.34375,-4.8828125,0.0
291.82421875,-32.71484375,-40.0390625,-42.96875,-41.50390625,22.4609375,0.0
291.828125,-31.73828125,-34.1796875,-41.50390625,-47.36328125,77.1484375,0.0
291.83203125,-35.15625,-20.99609375,-20.99609375,-36.1328125,56.640625,0.0
291.8359375,-24.4140625,-20.99609375,-15.625,-27.34375,70.80078125,0.0
291.83984375,-22.4609375,-35.15625,-29.296875,-28.80859375,3.90625,0.0
291.84375,-14.16015625,-32.71484375,-28.80859375,-22.4609375,-35.15625,0.0
291.84765625,-19.53125,-27.34375,-32.2265625,-27.34375,23.4375,0.0
291.8515625,-30.2734375,-28.3203125,-36.1328125,-20.99609375,-17.578125,0.0
291.85546875,-35.64453125,-31.25,-33.69140625,-18.06640625,-51.7578125,0.0
291.859375,-31.73828125,-33.203125,-40.0390625,-23.92578125,-17.08984375,0.0
291.86328125,-29.296875,-34.1796875,-44.921875,-24.4140625,7.32421875,0.0
291.8671875,-36.1328125,-39.55078125,-34.66796875,-31.25,-36.62109375,0.0
291.87109375,-28.80859375,-38.0859375,-25.390625,-21.484375,-40.0390625,0.0
291.875,-26.85546875,-22.94921875,-29.78515625,-5.859375,25.87890625,0.0
291.87890625,-21.97265625,-17.08984375,-35.15625,-20.5078125,36.62109375,0.0
291.8828125,-17.08984375,-26.3671875,-43.45703125,-46.875,-20.01953125,0.0
291.88671875,-30.76171875,-35.64453125,-41.9921875,-37.59765625,-70.80078125,0.0
291.890625,-40.52734375,-36.1328125,-28.80859375,-28.80859375,-86.9140625,0.0
291.89453125,-40.0390625,-34.66796875,-31.73828125,-31.25,-23.4375,0.0
291.8984375,-38.57421875,-36.1328125,-33.69140625,-34.66796875,9.27734375,0.0
291.90234375,-45.41015625,-48.828125,-27.34375,-41.015625,76.66015625,0.0
291.90625,-31.25,-45.41015625,-35.15625,-42.48046875,126.953125,0.0
291.91015625,-19.53125,-34.66796875,-35.15625,-36.1328125,29.78515625,0.0
291.9140625,-34.1796875,-40.52734375,-28.80859375,-33.69140625,42.48046875,0.0
291.91796875,-41.015625,-38.57421875,-28.3203125,-28.3203125,23.4375,0.0
291.921875,-31.73828125,-34.66796875,-28.3203125,-26.85546875,-48.33984375,0.0
291.92578125,-23.4375,-32.71484375,-26.85546875,-32.2265625,-46.38671875,0.0
291.9296875,-23.4375,-27.83203125,-23.92578125,-21.97265625,-57.6171875,0.0
291.93359375,-38.57421875,-27.34375,-32.71484375,-18.06640625,-83.0078125,0.0
291.9375,-42.96875,-29.78515625,-34.1796875,-23.4375,-78.61328125,0.0
291.94140625,-47.36328125,-41.50390625,-33.203125,-28.3203125,-64.94140625,0.0
291.9453125,-40.0390625,-43.9453125,-33.69140625,-35.64453125,-57.12890625,0.0
291.94921875,-29.78515625,-36.1328125,-25.390625,-26.3671875,-82.03125,0.0
291.953125,-33.69140625,-36.62109375,-29.296875,-17.08984375,27.83203125,0.0
291.95703125,-20.5078125,-41.015625,-27.83203125,0.9765625,130.37109375,0.0
291.9609375,-1.953125,-32.2265625,-29.78515625,-4.39453125,19.04296875,0.0
291.96484375,-31.25,-22.94921875,-37.59765625,-45.8984375,-40.52734375,0.0
291.96875,-29.78515625,-25.87890625,-29.296875,-37.109375,-34.1796875,0.0
291.97265625,-10.25390625,-32.2265625,-33.69140625,-8.7890625,-67.3828125,0.0
291.9765625,-11.23046875,-31.73828125,-41.9921875,2.9296875,-52.734375,0.0
291.98046875,3.41796875,-29.296875,-34.1796875,6.34765625,-74.70703125,0.0
291.984375,29.296875,-30.76171875,-28.3203125,16.11328125,-85.44921875,0.0
291.98828125,29.78515625,-34.66796875,-28.3203125,28.3203125,-35.15625,0.0
291.9921875,23.4375,-36.1328125,-23.92578125,39.55078125,-3.90625,0.0
291.99609375,22.94921875,-37.109375,-23.4375,41.015625,-27.83203125,0.0
292.0,17.578125,-36.1328125,-24.4140625,32.71484375,-32.2265625,0.0
292.00390625,34.66796875,-30.76171875,-25.87890625,39.55078125,-9.27734375,0.0
292.0078125,20.99609375,-31.25,-22.94921875,47.36328125,8.30078125,0.0
292.01171875,19.53125,-30.76171875,-21.484375,40.52734375,33.69140625,0.0
292.015625,32.2265625,-30.76171875,-34.1796875,30.2734375,-63.96484375,0.0
292.01953125,16.11328125,-36.62109375,-37.59765625,29.296875,-53.7109375,0.0
292.0234375,10.25390625,-41.9921875,-34.66796875,17.08984375,-76.171875,0.0
292.02734375,17.578125,-31.73828125,-31.73828125,14.6484375,-66.89453125,0.0
292.03125,6.34765625,-20.99609375,-25.87890625,24.4140625,-15.13671875,0.0
292.03515625,2.44140625,-29.78515625,-30.76171875,12.6953125,-71.2890625,0.0
292.0390625,-1.46484375,-32.2265625,-28.80859375,-2.9296875,26.3671875,0.0
292.04296875,-5.37109375,-29.78515625,-23.92578125,-18.5546875,37.109375,0.0
292.046875,-3.41796875,-27.34375,-29.78515625,-24.90234375,-53.22265625,0.0
292.05078125,-10.7421875,-27.83203125,-27.34375,-11.23046875,52.734375,0.0
292.0546875,-19.53125,-27.83203125,-20.99609375,-0.48828125,48.828125,0.0
292.05859375,-23.4375,-25.87890625,-22.4609375,-10.25390625,-45.41015625,0.0
292.0625,-0.48828125,-31.73828125,-29.296875,-12.20703125,-47.8515625,0.0
292.06640625,6.8359375,-27.34375,-34.66796875,0.48828125,-53.7109375,0.0
292.0703125,-3.90625,-20.01953125,-38.57421875,-0.48828125,-71.77734375,0.0
292.07421875,-14.6484375,-19.53125,-29.78515625,-9.27734375,-120.60546875,0.0
292.078125,-25.87890625,-20.99609375,-29.296875,-14.16015625,-207.03125,0.0
292.08203125,-24.90234375,-28.3203125,-35.64453125,-29.78515625,-176.26953125,0.0
292.0859375,-17.578125,-36.62109375,-35.64453125,-37.59765625,-125.9765625,0.0
292.08984375,-30.2734375,-37.109375,-33.69140625,-18.06640625,-83.0078125,0.0
292.09375,-38.57421875,-27.34375,-30.2734375,-9.27734375,-15.13671875,0.0
292.09765625,-28.80859375,-27.34375,-24.4140625,-10.7421875,46.875,0.0
292.1015625,-31.25,-41.015625,-20.99609375,-20.99609375,59.5703125,0.0
292.10546875,-28.3203125,-42.48046875,-25.87890625,-37.59765625,-3.90625,0.0
292.109375,-18.5546875,-29.78515625,-25.87890625,-25.87890625,-52.734375,0.0
292.11328125,-25.390625,-25.390625,-23.4375,-20.01953125,-29.78515625,0.0
292.1171875,-25.390625,-25.87890625,-28.3203125,-20.01953125,37.59765625,0.0
292.12109375,-31.25,-27.34375,-30.2734375,-26.3671875,43.9453125,0.0
292.125,-26.3671875,-27.83203125,-34.66796875,-38.57421875,-12.6953125,0.0
292.12890625,-16.6015625,-29.78515625,-33.69140625,-23.4375,-28.80859375,0.0
292.1328125,-32.2265625,-33.203125,-21.97265625,-13.18359375,0.0,0.0
292.13671875,-27.34375,-28.3203125,-25.390625,-22.94921875,-2.9296875,0.0
292.140625,-12.20703125,-27.34375,-33.203125,-28.3203125,-50.78125,0.0
292.14453125,-11.23046875,-30.2734375,-31.25,-28.80859375,-39.0625,0.0
292.1484375,-5.859375,-31.73828125,-35.15625,-23.92578125,8.30078125,0.0
292.15234375,-12.20703125,-25.87890625,-33.69140625,-14.16015625,27.34375,0.0
292.15625,-37.59765625,-19.53125,-28.3203125,-20.99609375,-24.90234375,0.0
292.16015625,-20.5078125,-20.5078125,-24.90234375,-33.69140625,-69.82421875,0.0
292.1640625,-11.23046875,-25.87890625,-20.01953125,-25.87890625,-79.1015625,0.0
292.16796875,-30.2734375,-33.203125,-23.92578125,-32.2265625,-51.7578125,0.0
292.171875,-42.96875,-37.59765625,-27.83203125,-35.15625,-35.15625,0.0
292.17578125,-39.0625,-33.203125,-22.94921875,-13.671875,-54.19921875,0.0
292.1796875,-31.73828125,-30.76171875,-23.4375,-17.578125,-55.6640625,0.0
292.18359375,-30.2734375,-30.76171875,-23.92578125,-20.99609375,-36.1328125,0.0
292.1875,-35.15625,-32.71484375,-30.2734375,-20.5078125,31.73828125,0.0
292.19140625,-46.38671875,-27.34375,-32.2265625,-22.4609375,40.0390625,0.0
292.1953125,-35.15625,-16.6015625,-24.4140625,-20.5078125,-11.71875,0.0
292.19921875,-34.66796875,-20.99609375,-32.71484375,-28.80859375,-70.3125,0.0
292.203125,-36.1328125,-28.80859375,-47.8515625,-33.203125,-37.109375,0.0
292.20703125,-24.4140625,-37.109375,-36.62109375,-34.66796875,18.06640625,0.0
292.2109375,-25.390625,-36.1328125,-20.01953125,-22.4609375,65.91796875,0.0
292.21484375,-22.94921875,-28.80859375,-30.2734375,-15.13671875,76.66015625,0.0
292.21875,-12.20703125,-29.78515625,-34.66796875,-27.34375,28.80859375,0.0
292.22265625,-17.578125,-35.15625,-29.296875,-30.76171875,-4.39453125,0.0
292.2265625,-23.92578125,-29.296875,-22.94921875,-27.34375,12.20703125,0.0
292.23046875,-26.3671875,-22.4609375,-21.484375,-28.80859375,53.7109375,0.0
292.234375,-24.4140625,-21.97265625,-20.5078125,-25.87890625,-18.06640625,0.0
292.23828125,-23.92578125,-22.4609375,-23.4375,-32.71484375,-75.1953125,0.0
292.2421875,-29.78515625,-25.87890625,-27.34375,-40.0390625,-81.54296875,0.0
292.24609375,-32.2265625,-26.3671875,-31.25,-38.0859375,-94.7265625,0.0
292.25,-34.1796875,-22.4609375,-31.25,-38.57421875,-10.7421875,0.0
292.25390625,-38.57421875,-25.390625,-32.2265625,-29.296875,36.1328125,0.0
292.2578125,-30.76171875,-23.92578125,-30.76171875,-22.94921875,42.48046875,0.0
292.26171875,-23.92578125,-26.85546875,-21.484375,-36.1328125,-24.4140625,0.0
292.265625,-19.53125,-32.71484375,-11.71875,-32.2265625,-117.67578125,0.0
292.26953125,-39.0625,-35.64453125,-13.671875,-27.34375,-48.828125,0.0
292.2734375,-47.36328125,-36.1328125,-26.85546875,-20.01953125,-28.3203125,0.0
292.27734375,-35.15625,-35.64453125,-27.83203125,-26.3671875,-88.37890625,0.0
292.28125,-20.01953125,-30.2734375,-23.4375,-39.55078125,-104.4921875,0.0
292.28515625,-13.671875,-25.390625,-24.4140625,-39.55078125,-100.5859375,0.0
292.2890625,-31.73828125,-24.4140625,-28.3203125,-43.45703125,-86.42578125,0.0
292.29296875,-48.33984375,-28.80859375,-30.2734375,-36.1328125,-32.71484375,0.0
292.296875,-43.9453125,-31.73828125,-20.5078125,-34.1796875,-38.57421875,0.0
292.30078125,-35.64453125,-31.25,-24.90234375,-45.41015625,-83.49609375,0.0
292.3046875,-28.3203125,-37.109375,-43.45703125,-43.9453125,-73.2421875,0.0
292.30859375,-35.15625,-38.0859375,-42.48046875,-35.64453125,-124.0234375,0.0
292.3125,-38.57421875,-34.1796875,-31.73828125,-17.578125,-139.16015625,0.0
292.31640625,-39.0625,-33.69140625,-22.94921875,-14.6484375,-33.69140625,0.0
292.3203125,-32.2265625,-33.69140625,-20.5078125,-40.0390625,25.390625,0.0
292.32421875,-29.296875,-25.87890625,-21.484375,-41.9921875,-77.63671875,0.0
292.328125,-18.5546875,-27.83203125,-22.4609375,-31.25,-91.796875,0.0
292.33203125,-30.76171875,-33.203125,-24.90234375,-35.15625,-9.765625,0.0
292.3359375,-47.36328125,-33.69140625,-15.13671875,-30.2734375,-75.1953125,0.0
292.33984375,-49.31640625,-30.2734375,-13.671875,-35.64453125,-124.0234375,0.0
292.34375,-41.015625,-23.92578125,-22.4609375,-47.8515625,-182.12890625,0.0
292.34765625,-30.76171875,-18.06640625,-25.390625,-48.828125,-170.41015625,0.0
292.3515625,-39.55078125,-22.4609375,-25.87890625,-40.52734375,-172.8515625,0.0
292.35546875,-53.22265625,-38.0859375,-25.87890625,-43.9453125,-235.83984375,0.0
292.359375,-42.48046875,-27.34375,-23.4375,-49.31640625,-230.95703125,0.0
292.36328125,-25.87890625,-17.08984375,-33.203125,-48.33984375,-125.0,0.0
292.3671875,-34.1796875,-29.296875,-32.2265625,-42.96875,-97.65625,0.0
292.37109375,-44.921875,-41.015625,-18.06640625,-31.73828125,-154.296875,0.0
292.375,-39.55078125,-32.2265625,-25.87890625,-26.3671875,-132.32421875,0.0
292.37890625,-38.57421875,-25.87890625,-34.1796875,-38.0859375,-37.109375,0.0
292.3828125,-41.015625,-32.71484375,-29.296875,-47.36328125,-13.671875,0.0
292.38671875,-38.57421875,-29.296875,-20.99609375,-38.57421875,46.875,0.0
292.390625,-30.76171875,-31.25,-23.4375,-36.62109375,193.359375,0.0
292.39453125,-30.2734375,-31.25,-29.296875,-34.1796875,174.8046875,0.0
292.3984375,-46.875,-27.34375,-36.62109375,-27.83203125,73.2421875,0.0
292.40234375,-26.3671875,-29.296875,-43.45703125,-25.390625,60.05859375,0.0
292.40625,-40.52734375,-29.296875,-35.15625,-34.1796875,125.9765625,0.0
292.41015625,-62.5,-28.3203125,-28.3203125,-63.96484375,124.0234375,0.0
292.4140625,-61.03515625,-28.3203125,-23.92578125,-71.2890625,81.0546875,0.0
292.41796875,-64.94140625,-32.71484375,-20.99609375,-47.36328125,86.42578125,0.0
292.421875,-53.7109375,-40.52734375,-27.34375,-49.8046875,22.4609375,0.0
292.42578125,-68.84765625,-52.24609375,-33.203125,-69.82421875,-66.89453125,0.0
292.4296875,-81.0546875,-52.734375,-34.1796875,-53.7109375,29.78515625,0.0
292.43359375,-67.3828125,-39.0625,-20.01953125,-52.24609375,22.4609375,0.0
292.4375,-69.82421875,-34.66796875,-19.04296875,-57.6171875,21.97265625,0.0
292.44140625,-69.82421875,-44.43359375,-34.66796875,-63.96484375,106.4453125,0.0
292.4453125,-49.8046875,-43.9453125,-41.50390625,-71.77734375,131.8359375,0.0
292.44921875,-50.78125,-40.52734375,-38.0859375,-59.08203125,35.15625,0.0
292.453125,-61.03515625,-42.96875,-33.69140625,-41.9921875,-53.22265625,0.0
292.45703125,-44.43359375,-40.0390625,-33.203125,-51.7578125,-82.03125,0.0
292.4609375,-42.96875,-35.15625,-30.2734375,-58.10546875,-92.7734375,0.0
292.46484375,-41.9921875,-33.69140625,-35.15625,-54.6875,-110.83984375,0.0
292.46875,-35.15625,-38.57421875,-46.875,-54.6875,-42.48046875,0.0
292.47265625,-28.3203125,-52.24609375,-49.8046875,-38.57421875,11.23046875,0.0
292.4765625,-27.83203125,-43.9453125,-37.109375,-39.0625,12.20703125,0.0
292.48046875,-30.76171875,-27.83203125,-31.25,-57.12890625,-8.7890625,0.0
292.484375,-17.578125,-30.76171875,-34.66796875,-48.828125,-59.08203125,0.0
292.48828125,-22.94921875,-27.83203125,-25.390625,-41.015625,-58.59375,0.0
292.4921875,-46.875,-28.3203125,-11.23046875,-41.50390625,-15.13671875,0.0
292.49609375,-40.52734375,-32.2265625,-18.5546875,-30.76171875,-14.16015625,0.0
292.5,-35.64453125,-27.83203125,-29.78515625,-30.2734375,-20.99609375,0.0
292.50390625,-37.109375,-29.78515625,-32.71484375,-31.25,-53.7109375,0.0
292.5078125,-38.0859375,-35.15625,-35.15625,-35.64453125,-38.57421875,0.0
292.51171875,-40.0390625,-35.15625,-33.203125,-36.1328125,31.25,0.0
292.515625,-43.9453125,-29.78515625,-27.83203125,-27.34375,-1.953125,0.0
292.51953125,-43.45703125,-31.25,-33.203125,-20.99609375,-66.40625,0.0
292.5234375,-34.66796875,-34.66796875,-36.62109375,-28.80859375,-85.9375,0.0
292.52734375,-36.62109375,-35.64453125,-29.78515625,-44.921875,-116.2109375,0.0
292.53125,-41.015625,-28.3203125,-30.76171875,-36.1328125,-116.2109375,0.0
292.53515625,-52.24609375,-25.87890625,-34.66796875,-29.78515625,-133.7890625,0.0
292.5390625,-51.26953125,-24.90234375,-17.08984375,-38.0859375,-165.0390625,0.0
292.54296875,-27.83203125,-21.484375,-19.04296875,-41.50390625,-94.23828125,0.0
292.546875,-12.20703125,-25.87890625,-33.69140625,-35.64453125,-90.8203125,0.0
292.55078125,-35.15625,-29.78515625,-28.3203125,-27.34375,-139.16015625,0.0
292.5546875,-54.19921875,-27.83203125,-26.85546875,-24.4140625,2.9296875,0.0
292.55859375,-46.38671875,-39.0625,-32.2265625,-27.83203125,86.42578125,0.0
292.5625,-30.76171875,-50.78125,-33.203125,-36.62109375,6.8359375,0.0
292.56640625,-32.71484375,-42.48046875,-32.71484375,-41.50390625,-41.9921875,0.0
292.5703125,-37.109375,-33.69140625,-35.64453125,-23.92578125,21.484375,0.0
292.57421875,-48.33984375,-36.62109375,-43.9453125,-16.11328125,67.3828125,0.0
292.578125,-49.31640625,-42.48046875,-42.96875,-42.96875,17.578125,0.0
292.58203125,-20.99609375,-41.9921875,-30.2734375,-42.96875,-34.1796875,0.0
292.5859375,-27.83203125,-37.59765625,-27.83203125,-27.83203125,-47.36328125,0.0
292.58984375,-44.43359375,-35.15625,-32.2265625,-21.97265625,-24.90234375,0.0
292.59375,-51.26953125,-38.0859375,-30.76171875,-18.5546875,-7.8125,0.0
292.59765625,-24.4140625,-39.0625,-27.34375,-21.484375,-31.25,0.0
292.6015625,-10.25390625,-35.15625,-33.203125,-30.2734375,48.33984375,0.0
292.60546875,-31.25,-35.64453125,-33.203125,-38.0859375,56.640625,0.0
292.609375,-26.3671875,-40.52734375,-28.3203125,-30.2734375,-11.71875,0.0
292.61328125,-15.13671875,-38.0859375,-33.69140625,-20.5078125,-48.33984375,0.0
292.6171875,-24.90234375,-26.85546875,-34.66796875,-18.06640625,-63.4765625,0.0
292.62109375,-24.90234375,-26.3671875,-32.71484375,-17.08984375,-44.43359375,0.0
292.625,-15.13671875,-32.71484375,-37.109375,-22.4609375,-5.37109375,0.0
292.62890625,-13.671875,-36.1328125,-43.9453125,-21.484375,-16.6015625,0.0
292.6328125,-23.4375,-37.109375,-32.2265625,-10.7421875,-7.32421875,0.0
292.63671875,-12.6953125,-25.87890625,-26.3671875,-24.4140625,83.49609375,0.0
292.640625,8.30078125,-20.5078125,-23.4375,-17.578125,28.3203125,0.0
292.64453125,9.765625,-23.4375,-11.71875,-12.20703125,-15.13671875,0.0
292.6484375,-35.64453125,-24.4140625,-11.71875,-43.45703125,-49.31640625,0.0
292.65234375,-63.4765625,-41.50390625,-20.5078125,-51.26953125,-103.515625,0.0
292.65625,-60.546875,-56.15234375,-21.484375,-65.4296875,-134.765625,0.0
292.66015625,-73.2421875,-53.7109375,-24.90234375,-86.42578125,-93.26171875,0.0
292.6640625,-74.21875,-53.7109375,-30.2734375,-89.35546875,-56.640625,0.0
292.66796875,-91.796875,-63.4765625,-15.625,-91.796875,-69.82421875,0.0
292.671875,-119.140625,-69.82421875,15.13671875,-95.703125,-108.3984375,0.0
292.67578125,-123.046875,-77.63671875,24.4140625,-93.26171875,-87.40234375,0.0
292.6796875,-124.0234375,-81.54296875,19.04296875,-113.28125,-51.7578125,0.0
292.68359375,-132.8125,-77.1484375,20.5078125,-129.8828125,-67.87109375,0.0
292.6875,-136.71875,-81.54296875,23.4375,-105.95703125,-60.05859375,0.0
292.69140625,-145.99609375,-98.14453125,19.53125,-89.84375,-60.05859375,0.0
292.6953125,-139.16015625,-96.19140625,3.41796875,-86.9140625,-88.8671875,0.0
292.69921875,-118.65234375,-82.03125,8.7890625,-92.28515625,-99.12109375,0.0
292.703125,-116.69921875,-78.125,24.4140625,-94.7265625,-40.52734375,0.0
292.70703125,-103.02734375,-73.2421875,13.18359375,-83.984375,-23.92578125,0.0
292.7109375,-88.8671875,-83.49609375,-3.90625,-72.75390625,-49.31640625,0.0
292.71484375,-97.16796875,-77.63671875,18.06640625,-60.05859375,-12.20703125,0.0
292.71875,-97.16796875,-60.546875,39.0625,-57.6171875,0.0,0.0
292.72265625,-84.47265625,-60.546875,25.87890625,-66.89453125,5.859375,0.0
292.7265625,-73.73046875,-60.05859375,17.08984375,-67.3828125,-24.4140625,0.0
292.73046875,-74.70703125,-56.640625,7.32421875,-52.734375,-57.6171875,0.0
292.734375,-78.61328125,-58.59375,-13.671875,-44.921875,-67.87109375,0.0
292.73828125,-61.5234375,-57.6171875,-2.9296875,-44.921875,-9.27734375,0.0
292.7421875,-57.6171875,-56.640625,8.30078125,-41.015625,-25.390625,0.0
292.74609375,-64.94140625,-57.6171875,-3.41796875,-45.8984375,-97.16796875,0.0
292.75,-47.8515625,-49.8046875,-20.99609375,-43.45703125,-57.12890625,0.0
292.75390625,-47.8515625,-44.921875,-19.53125,-37.59765625,14.6484375,0.0
292.7578125,-55.6640625,-42.48046875,-2.44140625,-37.109375,-22.4609375,0.0
292.76171875,-44.43359375,-46.875,2.44140625,-32.71484375,-52.24609375,0.0
292.765625,-43.45703125,-51.26953125,0.0,-43.45703125,-64.94140625,0.0
292.76953125,-58.59375,-48.828125,-9.27734375,-41.015625,-85.9375,0.0
292.7734375,-60.05859375,-45.41015625,-20.01953125,-21.97265625,-20.01953125,0.0
292.77734375,-49.31640625,-52.24609375,-18.5546875,-20.01953125,-18.06640625,0.0
292.78125,-37.109375,-57.12890625,-18.06640625,-28.3203125,-11.23046875,0.0
292.78515625,-47.8515625,-37.109375,-20.99609375,-31.25,47.8515625,0.0
292.7890625,-58.10546875,-38.0859375,-21.484375,-43.9453125,8.30078125,0.0
292.79296875,-28.3203125,-37.59765625,-20.01953125,-34.1796875,-99.609375,0.0
292.796875,-23.92578125,-33.203125,-20.01953125,-31.25,-112.79296875,0.0
292.80078125,-42.48046875,-35.64453125,-25.87890625,-47.36328125,-61.03515625,0.0
292.8046875,-37.59765625,-30.76171875,-22.94921875,-45.8984375,-64.94140625,0.0
292.80859375,-36.1328125,-32.2265625,-9.27734375,-44.921875,-47.8515625,0.0
292.8125,-37.109375,-38.0859375,-15.13671875,-37.109375,-3.41796875,0.0
292.81640625,-37.109375,-43.45703125,-23.4375,-29.78515625,-41.9921875,0.0
292.8203125,-39.55078125,-33.203125,-20.01953125,-43.45703125,10.7421875,0.0
292.82421875,-34.66796875,-24.4140625,-12.20703125,-46.38671875,51.7578125,0.0
292.828125,-35.64453125,-25.87890625,-24.4140625,-30.2734375,1.46484375,0.0
292.83203125,-39.55078125,-25.87890625,-35.64453125,-19.04296875,-44.921875,0.0
292.8359375,-39.55078125,-34.66796875,-31.25,-18.5546875,-9.27734375,0.0
292.83984375,-48.33984375,-42.96875,-28.80859375,-24.90234375,70.80078125,0.0
292.84375,-41.9921875,-35.64453125,-35.64453125,-27.83203125,67.87109375,0.0
292.84765625,-32.2265625,-36.62109375,-31.25,-34.1796875,45.8984375,0.0
292.8515625,-42.96875,-38.57421875,-19.04296875,-45.8984375,-7.32421875,0.0
292.85546875,-48.33984375,-39.0625,-20.01953125,-46.38671875,25.390625,0.0
292.859375,-43.45703125,-44.43359375,-27.34375,-38.0859375,9.27734375,0.0
292.86328125,-43.9453125,-43.9453125,-36.1328125,-40.52734375,-117.1875,0.0
292.8671875,-43.9453125,-39.55078125,-32.2265625,-38.57421875,-85.9375,0.0
292.87109375,-47.36328125,-40.52734375,-24.90234375,-29.296875,-30.76171875,0.0
292.875,-47.36328125,-38.57421875,-17.08984375,-31.25,-25.390625,0.0
292.87890625,-37.109375,-31.25,-14.6484375,-43.45703125,-4.39453125,0.0
292.8828125,-35.64453125,-44.921875,-32.71484375,-46.38671875,18.5546875,0.0
292.88671875,-24.4140625,-35.64453125,-34.66796875,-32.2265625,83.49609375,0.0
292.890625,-19.04296875,-18.06640625,-25.390625,-25.87890625,78.125,0.0
292.89453125,-29.78515625,-21.484375,-26.85546875,-27.34375,25.390625,0.0
292.8984375,-30.76171875,-19.53125,-28.80859375,-30.2734375,-30.2734375,0.0
292.90234375,-38.0859375,-26.3671875,-30.2734375,-45.41015625,5.37109375,0.0
292.90625,-39.0625,-42.96875,-22.94921875,-38.57421875,20.5078125,0.0
292.91015625,-32.71484375,-44.921875,-16.6015625,-23.4375,7.8125,0.0
292.9140625,-46.875,-44.921875,-6.34765625,-27.34375,49.31640625,0.0
292.91796875,-70.3125,-47.36328125,-9.27734375,-42.96875,52.24609375,0.0
292.921875,-56.640625,-38.0859375,-21.484375,-44.43359375,-21.97265625,0.0
292.92578125,-36.1328125,-31.73828125,-20.01953125,-34.1796875,-119.62890625,0.0
292.9296875,-42.48046875,-35.64453125,-15.625,-38.0859375,-35.64453125,0.0
292.93359375,-51.7578125,-42.48046875,-20.01953125,-38.57421875,127.9296875,0.0
292.9375,-40.52734375,-37.59765625,-27.34375,-38.0859375,49.31640625,0.0
292.94140625,-24.4140625,-33.69140625,-30.76171875,-40.0390625,-135.25390625,0.0
292.9453125,-23.92578125,-37.59765625,-29.296875,-38.57421875,-111.328125,0.0
292.94921875,-32.2265625,-35.64453125,-22.4609375,-38.57421875,-56.640625,0.0
292.953125,-43.45703125,-35.15625,-18.5546875,-36.1328125,-84.47265625,0.0
292.95703125,-20.99609375,-37.59765625,-18.06640625,-22.94921875,-80.56640625,0.0
292.9609375,-8.30078125,-32.2265625,-20.99609375,-20.01953125,-50.29296875,0.0
292.96484375,-20.99609375,-30.2734375,-28.80859375,-23.4375,1.953125,0.0
292.96875,-27.34375,-32.71484375,-26.85546875,-20.99609375,35.15625,0.0
292.97265625,-35.15625,-35.15625,-19.04296875,-30.2734375,24.90234375,0.0
292.9765625,-37.59765625,-34.1796875,-22.94921875,-34.66796875,-12.6953125,0.0
292.98046875,-28.80859375,-32.71484375,-27.34375,-36.1328125,-36.1328125,0.0
292.984375,-23.92578125,-39.0625,-20.01953125,-26.85546875,-38.0859375,0.0
292.98828125,17.578125,-31.73828125,-15.13671875,5.859375,-75.68359375,0.0
292.9921875,23.92578125,-15.13671875,-21.97265625,1.953125,-51.26953125,0.0
292.99609375,-25.390625,-12.20703125,-41.9921875,-44.43359375,-43.9453125,0.0
293.0,-23.4375,-7.32421875,-54.19921875,-52.24609375,-73.2421875,0.0
293.00390625,-0.48828125,-1.46484375,-55.6640625,-53.7109375,-28.3203125,0.0
293.0078125,-0.48828125,-7.32421875,-73.73046875,-49.8046875,35.64453125,0.0
293.01171875,-6.8359375,0.9765625,-89.84375,-15.625,6.34765625,0.0
293.015625,9.765625,14.6484375,-100.5859375,-10.7421875,-35.15625,0.0
293.01953125,25.390625,14.16015625,-112.3046875,-11.23046875,-43.45703125,0.0
293.0234375,34.66796875,16.6015625,-113.28125,4.8828125,15.625,0.0
293.02734375,53.22265625,21.97265625,-115.234375,1.46484375,6.8359375,0.0
293.03125,50.29296875,16.6015625,-114.74609375,5.859375,20.01953125,0.0
293.03515625,46.875,14.16015625,-119.140625,17.08984375,79.1015625,0.0
293.0390625,44.921875,17.578125,-116.2109375,2.9296875,43.45703125,0.0
293.04296875,44.921875,17.578125,-108.3984375,6.34765625,-50.78125,0.0
293.046875,55.6640625,9.765625,-98.14453125,8.30078125,-106.4453125,0.0
293.05078125,58.59375,2.9296875,-92.28515625,7.32421875,-37.59765625,0.0
293.0546875,43.9453125,2.9296875,-93.26171875,16.6015625,6.8359375,0.0
293.05859375,37.109375,2.9296875,-90.8203125,-3.90625,-94.23828125,0.0
293.0625,37.109375,-0.9765625,-86.9140625,-24.90234375,-147.4609375,0.0
293.06640625,40.52734375,0.0,-83.0078125,-4.39453125,-89.84375,0.0
293.0703125,31.73828125,6.34765625,-81.0546875,2.44140625,-108.3984375,0.0
293.07421875,19.04296875,4.8828125,-72.265625,3.41796875,-153.3203125,0.0
293.078125,14.6484375,-1.46484375,-68.359375,4.39453125,-116.2109375,0.0
293.08203125,12.6953125,0.9765625,-73.2421875,-13.18359375,-63.96484375,0.0
293.0859375,1.953125,2.9296875,-68.84765625,-12.6953125,-61.03515625,0.0
293.08984375,9.27734375,-4.39453125,-61.03515625,-6.8359375,-70.3125,0.0
293.09375,6.34765625,-7.32421875,-46.875,-9.765625,-30.76171875,0.0
293.09765625,-4.8828125,-6.34765625,-49.8046875,-5.37109375,-8.7890625,0.0
293.1015625,-0.9765625,-12.20703125,-64.94140625,-13.18359375,-36.62109375,0.0
293.10546875,6.8359375,-15.13671875,-62.98828125,-30.2734375,-110.83984375,0.0
293.109375,9.27734375,-4.8828125,-61.5234375,-16.6015625,-80.078125,0.0
293.11328125,-4.39453125,-4.8828125,-57.6171875,-10.25390625,59.5703125,0.0
293.1171875,-4.8828125,-7.32421875,-50.29296875,-8.7890625,37.109375,0.0
293.12109375,-1.46484375,-7.8125,-49.31640625,-13.18359375,-51.7578125,0.0
293.125,-0.48828125,-19.04296875,-53.22265625,-23.92578125,-40.0390625,0.0
293.12890625,4.8828125,-21.484375,-58.10546875,-19.04296875,-76.66015625,0.0
293.1328125,-8.7890625,-13.18359375,-58.59375,-18.5546875,-59.08203125,0.0
293.13671875,-23.4375,-21.484375,-52.734375,-25.390625,9.27734375,0.0
293.140625,-14.6484375,-25.87890625,-51.7578125,-30.76171875,13.671875,0.0
293.14453125,-13.671875,-18.06640625,-50.29296875,-30.76171875,21.484375,0.0
293.1484375,-37.109375,-20.99609375,-47.8515625,-20.01953125,58.10546875,0.0
293.15234375,-23.92578125,-22.4609375,-50.78125,-20.99609375,14.6484375,0.0
293.15625,-2.9296875,-23.4375,-47.36328125,-22.94921875,-23.4375,0.0
293.16015625,-14.6484375,-21.97265625,-41.9921875,-22.94921875,-90.33203125,0.0
293.1640625,-26.3671875,-21.484375,-46.38671875,-42.48046875,-149.4140625,0.0
293.16796875,-25.390625,-24.90234375,-42.96875,-21.97265625,-72.265625,0.0
293.171875,-29.78515625,-21.97265625,-39.0625,-0.9765625,-40.0390625,0.0
293.17578125,-26.85546875,-18.06640625,-41.015625,-14.16015625,-95.703125,0.0
293.1796875,-22.4609375,-20.5078125,-40.0390625,-23.4375,-129.8828125,0.0
293.18359375,-19.04296875,-23.4375,-37.59765625,-29.78515625,-96.19140625,0.0
293.1875,-28.3203125,-21.97265625,-42.96875,-32.2265625,-87.40234375,0.0
293.19140625,-44.43359375,-23.92578125,-44.921875,-30.2734375,-73.2421875,0.0
293.1953125,-48.33984375,-25.390625,-38.0859375,-24.4140625,-67.87109375,0.0
293.19921875,-32.2265625,-24.90234375,-37.109375,-22.94921875,-83.984375,0.0
293.203125,-15.625,-29.296875,-40.0390625,-30.76171875,-58.59375,0.0
293.20703125,-20.5078125,-28.80859375,-35.64453125,-32.2265625,-28.80859375,0.0
293.2109375,-25.87890625,-23.92578125,-28.80859375,-21.97265625,10.25390625,0.0
293.21484375,-27.83203125,-22.4609375,-29.78515625,-25.87890625,27.34375,0.0
293.21875,-28.3203125,-20.01953125,-32.2265625,-27.83203125,44.921875,0.0
293.22265625,-31.25,-30.76171875,-33.203125,-20.01953125,72.75390625,0.0
293.2265625,-42.96875,-33.69140625,-30.2734375,-28.3203125,-62.01171875,0.0
293.23046875,-50.29296875,-25.87890625,-31.25,-37.109375,-69.82421875,0.0
293.234375,-41.50390625,-23.4375,-31.25,-25.390625,-4.39453125,0.0
293.23828125,-43.45703125,-28.3203125,-29.296875,-19.53125,-33.203125,0.0
293.2421875,-33.69140625,-34.1796875,-22.4609375,-25.390625,-43.45703125,0.0
293.24609375,-5.37109375,-32.71484375,-23.92578125,-14.6484375,-28.80859375,0.0
293.25,-3.90625,-27.34375,-34.1796875,-18.5546875,-1.953125,0.0
293.25390625,-34.66796875,-30.2734375,-40.0390625,-47.36328125,29.78515625,0.0
293.2578125,-36.1328125,-30.2734375,-40.0390625,-59.5703125,24.90234375,0.0
293.26171875,3.41796875,-23.92578125,-43.9453125,-44.43359375,41.015625,0.0
293.265625,3.90625,-16.11328125,-54.19921875,-43.9453125,-43.9453125,0.0
293.26953125,-2.44140625,-8.30078125,-52.734375,-26.3671875,-83.984375,0.0
293.2734375,-9.765625,-7.8125,-48.33984375,-2.44140625,-54.19921875,0.0
293.27734375,-34.66796875,-20.5078125,-52.24609375,-17.578125,-114.2578125,0.0
293.28125,-38.0859375,-26.3671875,-54.19921875,-33.69140625,-45.8984375,0.0
293.28515625,-27.34375,-24.90234375,-53.22265625,-31.73828125,-19.04296875,0.0
293.2890625,-26.3671875,-23.4375,-42.96875,-27.34375,-52.734375,0.0
293.29296875,-31.25,-20.99609375,-38.0859375,-19.53125,-11.71875,0.0
293.296875,-35.15625,-22.94921875,-45.8984375,-5.859375,52.24609375,0.0
293.30078125,-23.92578125,-23.4375,-38.0859375,-22.94921875,87.40234375,0.0
293.3046875,-12.20703125,-24.90234375,-26.85546875,-37.59765625,66.89453125,0.0
293.30859375,-23.92578125,-29.296875,-41.015625,-30.76171875,-15.625,0.0
293.3125,-29.78515625,-24.90234375,-44.43359375,-25.390625,-42.48046875,0.0
293.31640625,-14.16015625,-21.484375,-38.57421875,-18.5546875,-23.92578125,0.0
293.3203125,-9.27734375,-26.85546875,-40.52734375,-31.73828125,-11.23046875,0.0
293.32421875,-14.16015625,-31.25,-44.43359375,-41.50390625,-3.90625,0.0
293.328125,-20.01953125,-24.90234375,-39.0625,-28.3203125,20.01953125,0.0
293.33203125,-24.4140625,-28.80859375,-32.2265625,-32.71484375,-3.90625,0.0
293.3359375,-26.85546875,-33.203125,-35.15625,-36.62109375,-72.75390625,0.0
293.33984375,-32.2265625,-25.87890625,-40.0390625,-25.390625,-101.5625,0.0
293.34375,-26.3671875,-20.5078125,-39.0625,-22.4609375,-88.8671875,0.0
293.34765625,-27.34375,-25.87890625,-39.0625,-37.59765625,-9.27734375,0.0
293.3515625,-29.78515625,-29.296875,-38.57421875,-43.45703125,16.11328125,0.0
293.35546875,-21.484375,-31.25,-36.62109375,-33.69140625,-43.9453125,0.0
293.359375,-27.83203125,-36.1328125,-38.0859375,-31.25,-3.41796875,0.0
293.36328125,-27.83203125,-33.69140625,-43.9453125,-26.3671875,20.01953125,0.0
293.3671875,-28.80859375,-28.3203125,-40.0390625,-29.296875,-0.48828125,0.0
293.37109375,-30.2734375,-28.80859375,-32.71484375,-30.76171875,-5.37109375,0.0
293.375,-29.296875,-32.71484375,-28.80859375,-25.390625,-3.90625,0.0
293.37890625,-20.99609375,-33.203125,-29.78515625,-39.0625,-27.34375,0.0
293.3828125,-26.85546875,-32.2265625,-29.78515625,-45.41015625,-62.98828125,0.0
293.38671875,-33.69140625,-29.78515625,-29.296875,-34.1796875,-74.70703125,0.0
293.390625,-25.87890625,-24.90234375,-33.69140625,-28.80859375,-124.0234375,0.0
293.39453125,-35.15625,-31.25,-38.57421875,-27.34375,-114.74609375,0.0
293.3984375,-27.34375,-32.2265625,-31.73828125,-30.2734375,-98.14453125,0.0
293.40234375,-22.94921875,-34.1796875,-30.76171875,-36.1328125,-121.09375,0.0
293.40625,-37.109375,-37.59765625,-35.15625,-37.109375,-86.9140625,0.0
293.41015625,-30.2734375,-37.59765625,-33.69140625,-45.8984375,7.8125,0.0
293.4140625,-40.0390625,-36.1328125,-32.71484375,-33.203125,15.13671875,0.0
293.41796875,-41.50390625,-30.76171875,-31.73828125,-26.85546875,-13.18359375,0.0
293.421875,-27.83203125,-31.25,-24.4140625,-39.0625,-42.96875,0.0
293.42578125,-25.390625,-40.0390625,-26.3671875,-34.66796875,-79.58984375,0.0
293.4296875,-38.57421875,-41.9921875,-32.71484375,-36.1328125,-95.21484375,0.0
293.43359375,-53.7109375,-39.55078125,-39.55078125,-36.1328125,-41.015625,0.0
293.4375,-37.109375,-42.96875,-38.57421875,-33.69140625,-63.96484375,0.0
293.44140625,-23.92578125,-39.0625,-29.296875,-49.31640625,-67.3828125,0.0
293.4453125,-28.3203125,-35.64453125,-30.76171875,-44.921875,-39.55078125,0.0
293.44921875,-31.25,-41.015625,-34.66796875,-31.73828125,-88.37890625,0.0
293.453125,-38.0859375,-39.55078125,-29.296875,-31.25,-46.38671875,0.0
293.45703125,-41.50390625,-36.1328125,-24.90234375,-33.69140625,79.1015625,0.0
293.4609375,-38.0859375,-39.0625,-31.73828125,-36.1328125,39.0625,0.0
293.46484375,-39.0625,-34.66796875,-34.1796875,-45.41015625,-6.34765625,0.0
293.46875,-39.55078125,-27.34375,-17.08984375,-46.38671875,-35.64453125,0.0
293.47265625,-44.43359375,-26.3671875,-23.92578125,-36.62109375,8.7890625,0.0
293.4765625,-36.1328125,-31.73828125,-37.109375,-38.0859375,78.125,0.0
293.48046875,-33.69140625,-36.62109375,-36.62109375,-38.57421875,41.015625,0.0
293.484375,-46.38671875,-37.109375,-39.55078125,-33.203125,25.87890625,0.0
293.48828125,-41.50390625,-33.203125,-40.0390625,-20.5078125,-61.5234375,0.0
293.4921875,-38.57421875,-34.1796875,-35.64453125,-19.04296875,-84.47265625,0.0
293.49609375,-42.48046875,-39.0625,-36.62109375,-20.99609375,-36.1328125,0.0
293.5,-36.62109375,-38.57421875,-33.69140625,-23.92578125,-60.546875,0.0
293.50390625,-31.73828125,-37.109375,-32.71484375,-34.66796875,-49.8046875,0.0
293.5078125,-30.2734375,-33.69140625,-34.66796875,-27.34375,-45.41015625,0.0
293.51171875,-30.76171875,-37.109375,-20.5078125,-19.04296875,-62.5,0.0
293.515625,-36.62109375,-43.45703125,-20.5078125,-17.08984375,-67.3828125,0.0
293.51953125,-35.15625,-38.0859375,-35.15625,-26.3671875,-58.59375,0.0
293.5234375,-30.76171875,-30.76171875,-32.2265625,-37.59765625,-59.08203125,0.0
293.52734375,-35.15625,-26.3671875,-28.80859375,-39.55078125,-126.46484375,0.0
293.53125,-34.1796875,-20.99609375,-38.57421875,-34.66796875,-96.19140625,0.0
293.53515625,-13.671875,-18.5546875,-38.57421875,-12.20703125,-21.97265625,0.0
293.5390625,-1.953125,-24.4140625,-21.97265625,-5.859375,8.30078125,0.0
293.54296875,-34.66796875,-35.64453125,-16.6015625,-36.62109375,38.0859375,0.0
293.546875,-50.78125,-35.15625,-19.53125,-51.26953125,79.1015625,0.0
293.55078125,-45.41015625,-33.69140625,-19.53125,-41.50390625,71.77734375,0.0
293.5546875,-57.12890625,-38.57421875,-16.11328125,-34.66796875,39.0625,0.0
293.55859375,-52.24609375,-38.57421875,-19.53125,-39.0625,4.39453125,0.0
293.5625,-36.1328125,-35.64453125,-26.85546875,-49.31640625,2.44140625,0.0
293.56640625,-34.66796875,-36.62109375,-24.90234375,-45.41015625,-28.80859375,0.0
293.5703125,-42.96875,-41.9921875,-19.53125,-26.3671875,-126.953125,0.0
293.57421875,-42.48046875,-33.69140625,-15.13671875,-29.78515625,-81.0546875,0.0
293.578125,-48.33984375,-25.87890625,-22.4609375,-32.2265625,20.5078125,0.0
293.58203125,-49.31640625,-26.3671875,-24.4140625,-28.3203125,9.27734375,0.0
293.5859375,-42.96875,-32.2265625,-26.85546875,-22.4609375,-2.9296875,0.0
293.58984375,-43.45703125,-36.62109375,-33.69140625,-34.1796875,-32.2265625,0.0
293.59375,-45.8984375,-37.59765625,-32.2265625,-37.109375,-129.8828125,0.0
293.59765625,-44.921875,-43.9453125,-30.2734375,-16.6015625,-179.6875,0.0
293.6015625,-34.1796875,-34.1796875,-26.3671875,-26.3671875,-84.47265625,0.0
293.60546875,-30.76171875,-24.90234375,-27.83203125,-32.2265625,-7.32421875,0.0
293.609375,-31.73828125,-32.71484375,-29.78515625,-29.296875,57.12890625,0.0
293.61328125,-27.83203125,-35.15625,-28.3203125,-23.92578125,37.109375,0.0
293.6171875,-32.2265625,-33.69140625,-24.4140625,-20.99609375,-18.5546875,0.0
293.62109375,-32.2265625,-31.25,-24.90234375,-30.76171875,36.1328125,0.0
293.625,-31.73828125,-35.64453125,-25.390625,-38.0859375,2.9296875,0.0
293.62890625,-34.66796875,-43.9453125,-25.390625,-41.50390625,-58.10546875,0.0
293.6328125,-33.203125,-38.0859375,-24.4140625,-37.109375,-29.296875,0.0
293.63671875,-35.15625,-31.25,-25.390625,-37.59765625,36.62109375,0.0
293.640625,-47.36328125,-35.15625,-35.15625,-44.43359375,41.9921875,0.0
293.64453125,-40.0390625,-33.69140625,-34.1796875,-32.2265625,-7.8125,0.0
293.6484375,-33.69140625,-25.87890625,-25.87890625,-24.90234375,-58.59375,0.0
293.65234375,-39.0625,-25.390625,-24.90234375,-26.85546875,-67.87109375,0.0
293.65625,-38.57421875,-31.25,-28.3203125,-26.3671875,-87.890625,0.0
293.66015625,-35.15625,-31.73828125,-28.3203125,-30.2734375,-102.05078125,0.0
293.6640625,-28.80859375,-38.0859375,-13.18359375,-25.87890625,-102.05078125,0.0
293.66796875,-32.2265625,-38.0859375,-14.16015625,-26.85546875,-36.62109375,0.0
293.671875,-43.45703125,-27.83203125,-28.3203125,-33.203125,-37.59765625,0.0
293.67578125,-43.45703125,-33.203125,-30.76171875,-29.78515625,-120.1171875,0.0
293.6796875,-33.69140625,-36.62109375,-26.85546875,-33.69140625,-113.76953125,0.0
293.68359375,-26.3671875,-29.78515625,-25.390625,-47.8515625,-103.515625,0.0
293.6875,-40.0390625,-31.73828125,-31.25,-44.43359375,-117.67578125,0.0
293.69140625,-47.36328125,-27.34375,-32.2265625,-40.52734375,-158.69140625,0.0
293.6953125,-41.9921875,-22.94921875,-31.25,-45.8984375,-123.53515625,0.0
293.69921875,-42.96875,-24.90234375,-32.71484375,-44.43359375,-49.8046875,0.0
293.703125,-32.71484375,-21.484375,-30.76171875,-47.36328125,-78.125,0.0
293.70703125,-32.2265625,-23.4375,-25.87890625,-58.10546875,-130.859375,0.0
293.7109375,-38.57421875,-27.34375,-27.83203125,-36.62109375,-73.2421875,0.0
293.71484375,-40.52734375,-30.76171875,-31.73828125,-11.71875,-24.90234375,0.0
293.71875,-44.921875,-36.62109375,-29.78515625,-32.71484375,-67.87109375,0.0
293.72265625,-45.41015625,-36.62109375,-24.4140625,-49.31640625,-59.08203125,0.0
293.7265625,-40.52734375,-24.4140625,-24.90234375,-42.96875,-52.24609375,0.0
293.73046875,-41.50390625,-25.390625,-33.203125,-37.59765625,-94.7265625,0.0
293.734375,-50.78125,-31.25,-32.2265625,-34.66796875,-23.92578125,0.0
293.73828125,-44.921875,-26.3671875,-26.3671875,-34.1796875,-76.171875,0.0
293.7421875,-32.2265625,-30.2734375,-29.78515625,-31.73828125,-144.53125,0.0
293.74609375,-34.1796875,-41.015625,-35.15625,-34.1796875,-62.5,0.0
293.75,-25.87890625,-38.57421875,-27.83203125,-33.69140625,-88.37890625,0.0
293.75390625,-25.87890625,-37.109375,-23.4375,-26.85546875,-80.078125,0.0
293.7578125,-35.15625,-33.203125,-35.64453125,-29.296875,-30.76171875,0.0
293.76171875,-29.296875,-27.83203125,-35.64453125,-33.69140625,-63.96484375,0.0
293.765625,-30.76171875,-27.83203125,-29.296875,-37.109375,-50.29296875,0.0
293.76953125,-39.0625,-30.76171875,-28.80859375,-39.0625,-12.6953125,0.0
293.7734375,-43.9453125,-35.15625,-30.2734375,-32.2265625,72.265625,0.0
293.77734375,-40.0390625,-31.25,-33.69140625,-31.73828125,114.2578125,0.0
293.78125,-36.1328125,-27.83203125,-32.2265625,-40.0390625,34.66796875,0.0
293.78515625,-33.69140625,-32.2265625,-31.25,-39.0625,-7.32421875,0.0
293.7890625,-38.57421875,-34.1796875,-31.25,-37.59765625,25.87890625,0.0
293.79296875,-41.50390625,-31.73828125,-30.2734375,-31.73828125,43.45703125,0.0
293.796875,-34.1796875,-30.76171875,-29.296875,-29.296875,84.9609375,0.0
293.80078125,-26.85546875,-32.2265625,-32.71484375,-35.64453125,51.26953125,0.0
293.8046875,-11.71875,-32.2265625,-39.55078125,-41.015625,37.59765625,0.0
293.80859375,-20.99609375,-36.62109375,-33.203125,-31.25,50.29296875,0.0
293.8125,-34.1796875,-31.25,-24.90234375,-26.3671875,11.71875,0.0
293.81640625,-27.34375,-22.94921875,-22.94921875,-31.25,24.4140625,0.0
293.8203125,-27.34375,-31.25,-30.76171875,-35.15625,33.203125,0.0
293.82421875,-25.390625,-36.62109375,-36.1328125,-41.50390625,-48.828125,0.0
293.828125,-28.80859375,-28.3203125,-29.296875,-40.0390625,-45.41015625,0.0
293.83203125,-44.43359375,-31.73828125,-28.3203125,-22.4609375,20.99609375,0.0
293.8359375,-46.38671875,-33.69140625,-30.76171875,-15.13671875,-10.7421875,0.0
293.83984375,-33.203125,-31.73828125,-22.94921875,-28.3203125,-73.2421875,0.0
293.84375,-28.80859375,-34.66796875,-5.859375,-33.69140625,-117.1875,0.0
293.84765625,-29.78515625,-33.203125,-15.625,-33.69140625,-121.09375,0.0
293.8515625,-42.48046875,-33.69140625,-31.73828125,-29.296875,-120.60546875,0.0
293.85546875,-43.9453125,-31.25,-31.25,-22.94921875,-48.828125,0.0
293.859375,-37.109375,-29.296875,-27.83203125,-34.1796875,66.40625,0.0
293.86328125,-25.87890625,-30.2734375,-25.87890625,-43.9453125,58.10546875,0.0
293.8671875,-24.90234375,-29.296875,-29.296875,-39.55078125,-15.13671875,0.0
293.87109375,-26.3671875,-18.06640625,-24.90234375,-28.3203125,13.18359375,0.0
293.875,-30.2734375,-19.53125,-27.34375,-26.85546875,49.31640625,0.0
293.87890625,-27.83203125,-23.92578125,-31.25,-32.2265625,-21.97265625,0.0
293.8828125,-30.76171875,-25.390625,-33.69140625,-31.73828125,-100.09765625,0.0
293.88671875,-42.96875,-37.59765625,-27.83203125,-36.62109375,-52.24609375,0.0
293.890625,-44.921875,-41.015625,-30.76171875,-40.52734375,22.4609375,0.0
293.89453125,-36.1328125,-36.1328125,-45.41015625,-29.78515625,49.8046875,0.0
293.8984375,-27.83203125,-37.59765625,-42.48046875,-33.69140625,-40.52734375,0.0
293.90234375,-28.80859375,-33.69140625,-38.0859375,-42.48046875,-130.859375,0.0
293.90625,-26.85546875,-30.76171875,-33.203125,-36.1328125,-113.28125,0.0
293.91015625,-20.5078125,-35.64453125,-30.76171875,-29.78515625,-95.703125,0.0
293.9140625,-27.83203125,-36.62109375,-28.80859375,-19.53125,-116.2109375,0.0
293.91796875,-31.73828125,-30.2734375,-27.83203125,-26.85546875,-114.74609375,0.0
293.921875,-26.85546875,-25.390625,-32.2265625,-33.203125,-53.22265625,0.0
293.92578125,-29.296875,-23.92578125,-33.203125,-27.34375,48.828125,0.0
293.9296875,-26.85546875,-27.83203125,-30.2734375,-21.484375,56.15234375,0.0
293.93359375,-26.85546875,-30.76171875,-17.578125,-24.90234375,-14.6484375,0.0
293.9375,-37.109375,-30.76171875,-19.04296875,-28.3203125,-67.3828125,0.0
293.94140625,-31.73828125,-37.109375,-39.0625,-31.73828125,-111.81640625,0.0
293.9453125,-26.85546875,-36.62109375,-36.1328125,-36.62109375,-123.53515625,0.0
293.94921875,-39.55078125,-41.9921875,-27.83203125,-25.87890625,-151.3671875,0.0
293.953125,-54.6875,-47.8515625,-36.62109375,-15.13671875,-117.1875,0.0
293.95703125,-46.875,-43.9453125,-34.1796875,-16.6015625,-90.8203125,0.0
293.9609375,-20.99609375,-40.0390625,-34.66796875,-28.80859375,-74.21875,0.0
293.96484375,-29.78515625,-39.0625,-43.45703125,-35.64453125,-50.29296875,0.0
293.96875,-46.38671875,-42.48046875,-42.48046875,-39.0625,-61.03515625,0.0
293.97265625,-41.015625,-40.52734375,-32.71484375,-37.109375,-13.671875,0.0
293.9765625,-34.1796875,-29.78515625,-26.85546875,-29.78515625,-88.8671875,0.0
293.98046875,-23.92578125,-23.4375,-35.64453125,-31.73828125,-160.15625,0.0
293.984375,-20.5078125,-30.76171875,-36.1328125,-38.57421875,-203.125,0.0
293.98828125,-29.78515625,-37.59765625,-24.90234375,-24.4140625,-211.9140625,0.0
293.9921875,-34.66796875,-31.73828125,-21.97265625,-13.671875,-127.44140625,0.0
293.99609375,-31.73828125,-26.3671875,-30.2734375,-25.87890625,-161.62109375,0.0
294.0,-34.66796875,-22.4609375,-36.62109375,-32.2265625,-199.21875,0.0
294.00390625,-37.59765625,-25.87890625,-34.1796875,-33.69140625,-236.328125,0.0
294.0078125,-35.64453125,-28.80859375,-30.76171875,-26.85546875,-157.2265625,0.0
294.01171875,-35.64453125,-30.2734375,-33.203125,-20.99609375,-60.05859375,0.0
294.015625,-28.80859375,-35.64453125,-34.1796875,-26.3671875,-102.5390625,0.0
294.01953125,-26.3671875,-33.203125,-33.203125,-26.85546875,-204.1015625,0.0
294.0234375,-31.25,-31.73828125,-29.296875,-24.90234375,-200.68359375,0.0
294.02734375,-34.66796875,-39.55078125,-21.97265625,-24.4140625,-170.41015625,0.0
294.03125,-39.0625,-44.921875,-22.94921875,-28.80859375,-86.9140625,0.0
294.03515625,-37.59765625,-39.55078125,-24.90234375,-27.83203125,27.34375,0.0
294.0390625,-30.76171875,-40.0390625,-13.671875,-32.2265625,37.59765625,0.0
294.04296875,-28.80859375,-45.41015625,-17.08984375,-40.0390625,-11.23046875,0.0
294.046875,-20.99609375,-32.2265625,-30.76171875,-32.2265625,41.50390625,0.0
294.05078125,-18.06640625,-23.4375,-31.73828125,-31.73828125,94.7265625,0.0
294.0546875,-22.4609375,-29.296875,-38.0859375,-30.2734375,80.078125,0.0
294.05859375,-9.27734375,-27.34375,-49.31640625,-28.80859375,42.48046875,0.0
294.0625,0.48828125,-22.94921875,-41.50390625,-33.69140625,23.4375,0.0
294.06640625,1.46484375,-21.97265625,-27.83203125,-26.85546875,38.0859375,0.0
294.0703125,-4.39453125,-25.87890625,-20.5078125,-19.04296875,-19.04296875,0.0
294.07421875,-22.94921875,-37.59765625,-24.4140625,-19.53125,-114.74609375,0.0
294.078125,-36.62109375,-41.015625,-35.15625,-19.04296875,-27.34375,0.0
294.08203125,-35.15625,-38.57421875,-29.296875,-21.97265625,12.6953125,0.0
294.0859375,-36.1328125,-35.64453125,-29.296875,-28.80859375,-64.94140625,0.0
294.08984375,-34.1796875,-35.64453125,-36.1328125,-22.94921875,10.25390625,0.0
294.09375,-29.78515625,-37.59765625,-30.76171875,-15.625,84.47265625,0.0
294.09765625,-35.64453125,-47.8515625,-29.296875,-22.4609375,11.23046875,0.0
294.1015625,-36.1328125,-50.78125,-34.1796875,-38.0859375,29.296875,0.0
294.10546875,-41.50390625,-41.9921875,-35.64453125,-37.59765625,45.41015625,0.0
294.109375,-44.43359375,-37.109375,-29.78515625,-28.80859375,-14.16015625,0.0
294.11328125,-39.55078125,-39.55078125,-31.25,-26.3671875,18.5546875,0.0
294.1171875,-43.9453125,-39.0625,-40.0390625,-22.4609375,-14.6484375,0.0
294.12109375,-41.50390625,-40.52734375,-38.0859375,-29.296875,-10.7421875,0.0
294.125,-30.2734375,-42.48046875,-27.83203125,-39.0625,8.30078125,0.0
294.12890625,-29.296875,-43.9453125,-16.11328125,-34.1796875,-20.99609375,0.0
294.1328125,-40.0390625,-41.9921875,-25.390625,-29.78515625,39.55078125,0.0
294.13671875,-41.015625,-29.78515625,-39.0625,-31.25,17.578125,0.0
294.140625,-29.78515625,-28.3203125,-34.1796875,-32.2265625,19.53125,0.0
294.14453125,-30.2734375,-36.1328125,-28.80859375,-27.34375,77.1484375,0.0
294.1484375,-29.78515625,-35.15625,-34.66796875,-22.4609375,27.83203125,0.0
294.15234375,-37.109375,-36.62109375,-41.9921875,-29.78515625,-25.87890625,0.0
294.15625,-40.52734375,-35.64453125,-35.15625,-31.25,16.6015625,0.0
294.16015625,-29.296875,-33.203125,-34.1796875,-33.203125,72.75390625,0.0
294.1640625,-26.3671875,-38.57421875,-40.0390625,-36.62109375,7.32421875,0.0
294.16796875,-32.2265625,-32.71484375,-33.69140625,-27.34375,-55.6640625,0.0
294.171875,-32.71484375,-22.94921875,-25.390625,-24.90234375,-21.484375,0.0
294.17578125,-29.78515625,-22.4609375,-27.83203125,-28.80859375,-84.47265625,0.0
294.1796875,-31.25,-35.15625,-33.203125,-31.73828125,-71.2890625,0.0
294.18359375,-30.76171875,-44.43359375,-27.34375,-33.203125,-83.49609375,0.0
294.1875,-28.3203125,-32.2265625,-20.01953125,-42.48046875,-39.55078125,0.0
294.19140625,-29.296875,-20.5078125,-19.53125,-31.25,28.80859375,0.0
294.1953125,-34.1796875,-21.97265625,-20.5078125,-15.13671875,-26.3671875,0.0
294.19921875,-30.2734375,-28.80859375,-23.4375,-28.80859375,-31.25,0.0
294.203125,-20.01953125,-34.1796875,-25.87890625,-35.15625,-52.24609375,0.0
294.20703125,-31.25,-34.1796875,-30.76171875,-28.80859375,-5.37109375,0.0
294.2109375,-36.1328125,-36.1328125,-30.76171875,-29.78515625,68.84765625,0.0
294.21484375,-31.25,-35.15625,-30.76171875,-22.4609375,86.42578125,0.0
294.21875,-46.875,-33.203125,-24.90234375,-24.90234375,65.4296875,0.0
294.22265625,-47.36328125,-34.1796875,-21.484375,-30.2734375,8.30078125,0.0
294.2265625,-41.50390625,-34.1796875,-31.73828125,-31.73828125,-30.76171875,0.0
294.23046875,-41.9921875,-37.59765625,-32.71484375,-39.55078125,-42.48046875,0.0
294.234375,-38.57421875,-39.0625,-24.90234375,-34.1796875,-67.87109375,0.0
294.23828125,-32.2265625,-34.1796875,-20.99609375,-19.53125,-34.66796875,0.0
294.2421875,-15.625,-32.71484375,-19.53125,-22.94921875,31.73828125,0.0
294.24609375,-18.06640625,-39.0625,-31.25,-36.1328125,-3.90625,0.0
294.25,-27.83203125,-29.296875,-42.48046875,-31.73828125,18.5546875,0.0
294.25390625,-30.76171875,-21.484375,-34.1796875,-20.01953125,52.24609375,0.0
294.2578125,-39.55078125,-24.4140625,-29.78515625,-24.90234375,-22.4609375,0.0
294.26171875,-32.71484375,-27.83203125,-26.3671875,-36.1328125,-86.42578125,0.0
294.265625,-37.59765625,-33.203125,-23.92578125,-36.62109375,-88.8671875,0.0
294.26953125,-41.9921875,-25.390625,-31.73828125,-27.83203125,-73.73046875,0.0
294.2734375,-39.0625,-25.87890625,-32.2265625,-22.4609375,-123.046875,0.0
294.27734375,-36.62109375,-41.015625,-32.2265625,-29.78515625,-109.86328125,0.0
294.28125,-18.5546875,-24.90234375,-34.1796875,-24.4140625,-40.0390625,0.0
294.28515625,-15.13671875,-9.27734375,-32.2265625,-17.578125,-39.55078125,0.0
294.2890625,-28.80859375,-11.71875,-28.3203125,-25.87890625,9.765625,0.0
294.29296875,-32.71484375,-18.5546875,-25.390625,-19.53125,-1.46484375,0.0
294.296875,-29.296875,-24.4140625,-28.3203125,-28.3203125,-21.484375,0.0
294.30078125,-33.203125,-27.34375,-29.296875,-43.9453125,-76.66015625,0.0
294.3046875,-28.3203125,-30.76171875,-22.94921875,-42.96875,-94.23828125,0.0
294.30859375,-23.4375,-29.78515625,-17.578125,-34.66796875,2.44140625,0.0
294.3125,-31.25,-28.3203125,-27.83203125,-23.4375,-45.8984375,0.0
294.31640625,-28.3203125,-29.296875,-41.50390625,-23.92578125,-67.87109375,0.0
294.3203125,-10.7421875,-27.83203125,-27.83203125,-29.296875,-3.90625,0.0
294.32421875,-5.859375,-31.25,-12.20703125,-33.69140625,-60.546875,0.0
294.328125,-17.08984375,-40.52734375,-26.85546875,-31.73828125,-57.6171875,0.0
294.33203125,-18.5546875,-30.2734375,-37.59765625,-30.2734375,-31.73828125,0.0
294.3359375,-11.23046875,-25.390625,-25.87890625,-20.01953125,-70.80078125,0.0
294.33984375,-16.6015625,-40.0390625,-13.671875,-21.484375,-45.8984375,0.0
294.34375,-25.390625,-36.1328125,-19.04296875,-32.71484375,-28.3203125,0.0
294.34765625,-42.96875,-36.1328125,-19.04296875,-34.66796875,-67.87109375,0.0
294.3515625,-55.17578125,-37.59765625,-3.41796875,-34.66796875,-115.234375,0.0
294.35546875,-47.8515625,-35.15625,-0.9765625,-29.78515625,-160.64453125,0.0
294.359375,-42.96875,-43.9453125,-10.7421875,-27.34375,-17.08984375,0.0
294.36328125,-41.50390625,-56.640625,-14.6484375,-27.34375,51.26953125,0.0
294.3671875,-28.80859375,-58.10546875,0.9765625,-24.4140625,-26.3671875,0.0
294.37109375,-33.203125,-51.26953125,-3.90625,-23.4375,8.7890625,0.0
294.375,-49.31640625,-41.50390625,-26.3671875,-33.69140625,46.875,0.0
294.37890625,-46.38671875,-29.78515625,-29.78515625,-40.52734375,93.26171875,0.0
294.3828125,-41.015625,-27.34375,-22.4609375,-38.0859375,48.828125,0.0
294.38671875,-39.55078125,-27.34375,-26.85546875,-38.0859375,31.25,0.0
294.390625,-32.2265625,-27.34375,-22.94921875,-33.69140625,-9.765625,0.0
294.39453125,-34.1796875,-28.80859375,-7.32421875,-26.85546875,-13.671875,0.0
294.3984375,-43.9453125,-28.80859375,-13.671875,-28.3203125,10.25390625,0.0
294.40234375,-44.43359375,-30.76171875,-20.5078125,-33.203125,-50.78125,0.0
294.40625,-43.9453125,-37.59765625,-22.4609375,-41.50390625,-42.48046875,0.0
294.41015625,-34.1796875,-41.015625,-22.94921875,-35.64453125,-71.77734375,0.0
294.4140625,-27.83203125,-43.9453125,-15.13671875,-16.6015625,-188.4765625,0.0
294.41796875,-38.57421875,-41.9921875,-27.83203125,-17.08984375,-110.83984375,0.0
294.421875,-32.71484375,-36.1328125,-30.2734375,-23.92578125,-53.7109375,0.0
294.42578125,-34.66796875,-46.38671875,-19.04296875,-27.83203125,-48.828125,0.0
294.4296875,-42.48046875,-48.828125,-20.5078125,-27.34375,-40.0390625,0.0
294.43359375,-41.015625,-30.76171875,-24.90234375,-28.3203125,-61.03515625,0.0
294.4375,-41.015625,-28.3203125,-21.484375,-33.203125,-47.36328125,0.0
294.44140625,-30.2734375,-37.109375,-14.6484375,-27.34375,-64.94140625,0.0
294.4453125,-26.85546875,-39.55078125,-22.4609375,-27.34375,-95.21484375,0.0
294.44921875,-28.80859375,-34.1796875,-29.78515625,-27.34375,-56.15234375,0.0
294.453125,-28.80859375,-33.203125,-25.390625,-18.06640625,-7.8125,0.0
294.45703125,-38.57421875,-32.71484375,-19.04296875,-25.390625,-6.8359375,0.0
294.4609375,-41.015625,-34.66796875,-23.4375,-44.921875,20.5078125,0.0
294.46484375,-32.71484375,-42.96875,-35.64453125,-47.36328125,54.19921875,0.0
294.46875,-27.34375,-43.9453125,-39.55078125,-38.0859375,43.45703125,0.0
294.47265625,-36.1328125,-43.45703125,-35.15625,-34.1796875,13.671875,0.0
294.4765625,-43.9453125,-41.9921875,-38.0859375,-34.66796875,-5.859375,0.0
294.48046875,-32.2265625,-36.62109375,-45.41015625,-30.2734375,-47.36328125,0.0
294.484375,-30.2734375,-40.52734375,-40.0390625,-37.109375,-84.9609375,0.0
294.48828125,-38.57421875,-35.15625,-24.4140625,-42.48046875,-109.86328125,0.0
294.4921875,-40.0390625,-26.3671875,-18.06640625,-40.0390625,-125.9765625,0.0
294.49609375,-30.76171875,-27.83203125,-18.5546875,-33.203125,-62.98828125,0.0
294.5,-28.3203125,-37.59765625,-25.390625,-37.59765625,-43.45703125,0.0
294.50390625,-24.90234375,-36.1328125,-24.4140625,-41.50390625,-77.1484375,0.0
294.5078125,-18.06640625,-28.3203125,-25.390625,-30.76171875,-31.73828125,0.0
294.51171875,-35.15625,-30.76171875,-33.69140625,-25.87890625,28.80859375,0.0
294.515625,-46.875,-40.0390625,-29.78515625,-26.3671875,-19.53125,0.0
294.51953125,-39.55078125,-44.921875,-24.4140625,-38.0859375,-35.64453125,0.0
294.5234375,-38.0859375,-35.15625,-23.4375,-38.57421875,-12.20703125,0.0
294.52734375,-37.59765625,-31.25,-27.83203125,-37.59765625,-39.55078125,0.0
294.53125,-38.0859375,-36.1328125,-28.3203125,-37.59765625,83.984375,0.0
294.53515625,-43.45703125,-36.62109375,-27.34375,-29.296875,130.859375,0.0
294.5390625,-37.109375,-33.203125,-27.83203125,-33.69140625,13.18359375,0.0
294.54296875,-30.76171875,-33.69140625,-34.66796875,-41.9921875,-24.90234375,0.0
294.546875,-33.69140625,-37.59765625,-35.64453125,-43.45703125,-23.92578125,0.0
294.55078125,-34.1796875,-40.0390625,-27.83203125,-40.52734375,-37.59765625,0.0
294.5546875,-24.4140625,-39.0625,-37.109375,-24.90234375,-0.9765625,0.0
294.55859375,-26.85546875,-44.43359375,-30.2734375,-26.85546875,59.08203125,0.0
294.5625,-30.76171875,-38.57421875,-20.99609375,-33.203125,-17.08984375,0.0
294.56640625,-28.3203125,-39.55078125,-33.69140625,-22.94921875,-91.30859375,0.0
294.5703125,-36.62109375,-36.62109375,-39.0625,-33.69140625,42.96875,0.0
294.57421875,-51.7578125,-30.76171875,-34.1796875,-41.9921875,58.59375,0.0
294.578125,-51.7578125,-33.69140625,-29.78515625,-41.015625,-23.92578125,0.0
294.58203125,-44.43359375,-44.43359375,-26.85546875,-42.48046875,-63.96484375,0.0
294.5859375,-41.9921875,-48.828125,-33.203125,-31.25,-53.7109375,0.0
294.58984375,-50.78125,-27.34375,-29.296875,-34.66796875,-11.71875,0.0
294.59375,-52.24609375,-15.13671875,-12.6953125,-39.55078125,-31.73828125,0.0
294.59765625,-49.8046875,-16.6015625,-22.4609375,-30.2734375,-89.35546875,0.0
294.6015625,-46.38671875,-31.25,-35.15625,-32.71484375,-95.21484375,0.0
294.60546875,-39.55078125,-41.50390625,-28.80859375,-38.57421875,-72.265625,0.0
294.609375,-39.0625,-33.69140625,-28.80859375,-28.80859375,-21.484375,0.0
294.61328125,-45.41015625,-26.85546875,-34.1796875,-28.80859375,-4.8828125,0.0
294.6171875,-46.875,-25.87890625,-41.50390625,-29.78515625,-21.97265625,0.0
294.62109375,-41.015625,-33.69140625,-36.62109375,-25.390625,-34.66796875,0.0
294.625,-28.80859375,-48.33984375,-31.73828125,-38.0859375,-2.9296875,0.0
294.62890625,-30.76171875,-48.828125,-37.59765625,-34.1796875,-5.859375,0.0
294.6328125,-46.875,-33.203125,-39.55078125,-30.2734375,-76.66015625,0.0
294.63671875,-58.59375,-19.53125,-29.296875,-38.0859375,-77.1484375,0.0
294.640625,-54.19921875,-18.06640625,-25.87890625,-45.8984375,-110.3515625,0.0
294.64453125,-46.38671875,-28.3203125,-31.73828125,-49.31640625,-94.7265625,0.0
294.6484375,-44.43359375,-31.73828125,-30.76171875,-39.55078125,-77.1484375,0.0
294.65234375,-44.921875,-36.62109375,-35.64453125,-31.25,-46.38671875,0.0
294.65625,-27.83203125,-54.19921875,-63.4765625,-17.08984375,2.9296875,0.0
294.66015625,-9.27734375,-38.57421875,-52.734375,-19.53125,9.765625,0.0
294.6640625,-28.3203125,-7.8125,-26.3671875,-46.875,-72.75390625,0.0
294.66796875,-38.0859375,-22.94921875,-20.99609375,-39.0625,-35.15625,0.0
294.671875,-29.296875,-58.59375,-8.7890625,-18.5546875,32.71484375,0.0
294.67578125,-36.1328125,-24.4140625,-13.671875,-28.80859375,35.15625,0.0
294.6796875,-45.41015625,3.41796875,-32.2265625,-49.8046875,57.12890625,0.0
294.68359375,-43.9453125,-9.27734375,-36.62109375,-51.26953125,8.7890625,0.0
294.6875,-26.3671875,-16.11328125,-42.48046875,-43.45703125,-64.453125,0.0
294.69140625,-27.83203125,-21.484375,-43.9453125,-31.73828125,-90.8203125,0.0
294.6953125,-47.36328125,-28.3203125,-28.3203125,-43.45703125,-94.23828125,0.0
294.69921875,-36.62109375,-36.1328125,-23.92578125,-56.15234375,-73.73046875,0.0
294.703125,-31.73828125,-30.2734375,-35.15625,-48.33984375,-34.66796875,0.0
294.70703125,-28.3203125,-23.92578125,-38.0859375,-44.921875,29.78515625,0.0
294.7109375,-24.4140625,-36.62109375,-30.76171875,-39.55078125,28.3203125,0.0
294.71484375,-35.15625,-36.1328125,-24.90234375,-31.25,-6.8359375,0.0
294.71875,-29.296875,-31.25,-26.3671875,-27.83203125,-71.77734375,0.0
294.72265625,-19.04296875,-29.78515625,-23.92578125,-30.76171875,-121.09375,0.0
294.7265625,-21.97265625,-27.34375,-24.90234375,-41.015625,-101.5625,0.0
294.73046875,-31.73828125,-26.3671875,-37.59765625,-42.96875,-3.41796875,0.0
294.734375,-42.48046875,-27.34375,-51.7578125,-36.62109375,18.5546875,0.0
294.73828125,-35.64453125,-29.78515625,-41.50390625,-25.390625,3.41796875,0.0
294.7421875,-3.90625,-8.7890625,-16.6015625,-11.23046875,-26.3671875,0.0
294.74609375,-18.5546875,-10.25390625,-13.671875,-25.390625,-13.18359375,0.0
294.75,-56.640625,-36.62109375,-21.484375,-44.921875,34.1796875,0.0
294.75390625,-48.828125,-34.66796875,-26.85546875,-31.73828125,33.69140625,0.0
294.7578125,-42.48046875,-27.34375,-31.73828125,-43.9453125,-4.39453125,0.0
294.76171875,-49.31640625,-23.4375,-25.390625,-49.31640625,-14.6484375,0.0
294.765625,-44.43359375,-27.83203125,-22.94921875,-46.38671875,-23.4375,0.0
294.76953125,-48.828125,-30.2734375,-21.484375,-58.10546875,-67.87109375,0.0
294.7734375,-60.05859375,-27.34375,-17.08984375,-42.96875,-8.7890625,0.0
294.77734375,-49.8046875,-28.80859375,-30.2734375,-42.48046875,1.46484375,0.0
294.78125,-53.22265625,-41.50390625,-41.9921875,-52.734375,-56.15234375,0.0
294.78515625,-58.59375,-47.8515625,-35.64453125,-48.33984375,-120.1171875,0.0
294.7890625,-45.41015625,-40.52734375,-20.01953125,-41.50390625,-125.48828125,0.0
294.79296875,-50.29296875,-32.2265625,-18.5546875,-45.41015625,-53.7109375,0.0
294.796875,-48.33984375,-32.71484375,-23.4375,-37.59765625,-20.5078125,0.0
294.80078125,-30.76171875,-30.2734375,-26.3671875,-34.66796875,-0.9765625,0.0
294.8046875,-35.15625,-28.3203125,-31.73828125,-42.96875,-9.765625,0.0
294.80859375,-35.64453125,-26.85546875,-33.69140625,-40.0390625,-22.4609375,0.0
294.8125,-42.48046875,-27.34375,-32.2265625,-33.69140625,-39.0625,0.0
294.81640625,-40.0390625,-28.3203125,-24.4140625,-26.85546875,-98.6328125,0.0
294.8203125,-22.94921875,-29.296875,-24.90234375,-31.73828125,-117.67578125,0.0
294.82421875,-25.87890625,-26.3671875,-29.296875,-36.1328125,-118.65234375,0.0
294.828125,-35.15625,-27.83203125,-29.78515625,-32.2265625,-121.09375,0.0
294.83203125,-29.296875,-28.80859375,-29.296875,-25.87890625,-85.44921875,0.0
294.8359375,-22.4609375,-23.4375,-33.203125,-29.296875,32.2265625,0.0
294.83984375,-14.6484375,-18.5546875,-38.57421875,-35.15625,71.2890625,0.0
294.84375,-3.90625,-24.4140625,-41.50390625,-34.66796875,9.765625,0.0
294.84765625,-9.765625,-23.92578125,-40.0390625,-34.66796875,-1.46484375,0.0
294.8515625,-22.94921875,-17.578125,-34.66796875,-36.62109375,107.91015625,0.0
294.85546875,-26.3671875,-22.4609375,-36.62109375,-39.55078125,130.37109375,0.0
294.859375,-29.78515625,-20.99609375,-41.50390625,-34.1796875,32.2265625,0.0
294.86328125,-43.9453125,-20.01953125,-41.50390625,-30.76171875,-23.4375,0.0
294.8671875,-42.48046875,-20.99609375,-35.15625,-31.25,-31.73828125,0.0
294.87109375,-44.43359375,-19.04296875,-27.83203125,-21.484375,-52.24609375,0.0
294.875,-55.6640625,-26.85546875,-23.92578125,-13.671875,-21.97265625,0.0
294.87890625,-39.55078125,-34.1796875,-18.5546875,-27.83203125,30.76171875,0.0
294.8828125,-33.69140625,-29.78515625,-21.97265625,-38.57421875,-3.90625,0.0
294.88671875,-33.203125,-30.2734375,-34.1796875,-43.45703125,-67.87109375,0.0
294.890625,-30.76171875,-29.78515625,-35.15625,-43.45703125,-116.2109375,0.0
294.89453125,-34.66796875,-20.99609375,-35.15625,-41.015625,-76.66015625,0.0
294.8984375,-34.66796875,-25.390625,-41.015625,-38.57421875,-31.73828125,0.0
294.90234375,-30.76171875,-32.2265625,-46.38671875,-43.45703125,-55.6640625,0.0
294.90625,-24.4140625,-33.203125,-42.48046875,-43.45703125,-89.84375,0.0
294.91015625,-35.64453125,-45.8984375,-34.1796875,-39.0625,-27.34375,0.0
294.9140625,-45.41015625,-43.45703125,-32.71484375,-50.29296875,6.34765625,0.0
294.91796875,-20.01953125,-23.4375,-36.1328125,-32.71484375,-6.8359375,0.0
294.921875,-0.9765625,-26.3671875,-19.04296875,-15.625,-78.125,0.0
294.92578125,-26.85546875,-33.203125,-12.20703125,-36.1328125,-84.47265625,0.0
294.9296875,-70.80078125,-35.64453125,-20.99609375,-68.84765625,-25.390625,0.0
294.93359375,-86.9140625,-43.9453125,-16.11328125,-68.359375,-22.94921875,0.0
294.9375,-61.5234375,-42.48046875,-4.39453125,-48.33984375,9.765625,0.0
294.94140625,-56.15234375,-45.41015625,-5.859375,-62.98828125,41.015625,0.0
294.9453125,-68.359375,-57.6171875,-15.13671875,-69.3359375,33.69140625,0.0
294.94921875,-75.68359375,-57.6171875,-17.08984375,-62.01171875,70.80078125,0.0
294.953125,-67.3828125,-52.734375,-11.23046875,-55.17578125,21.97265625,0.0
294.95703125,-69.82421875,-52.734375,-8.30078125,-42.48046875,18.5546875,0.0
294.9609375,-72.265625,-54.19921875,-6.34765625,-55.17578125,16.11328125,0.0
294.96484375,-45.8984375,-48.828125,-7.32421875,-57.12890625,-85.44921875,0.0
294.96875,-50.29296875,-48.828125,-20.5078125,-41.50390625,-73.73046875,0.0
294.97265625,-56.15234375,-59.08203125,-15.625,-21.484375,4.8828125,0.0
294.9765625,-27.34375,-72.265625,-10.25390625,-3.41796875,-47.36328125,0.0
294.98046875,-10.7421875,-82.51953125,-17.578125,0.48828125,-106.93359375,0.0
294.984375,-33.203125,-38.0859375,-26.3671875,-21.97265625,-90.8203125,0.0
294.98828125,-46.38671875,-5.859375,-21.97265625,-40.52734375,-20.99609375,0.0
294.9921875,-50.29296875,-23.92578125,-12.6953125,-53.22265625,-22.4609375,0.0
294.99609375,-61.5234375,-41.9921875,-5.37109375,-70.80078125,-94.23828125,0.0
295.0,-61.5234375,-54.6875,-17.578125,-60.05859375,-117.67578125,0.0
295.00390625,-53.22265625,-61.5234375,-38.57421875,-57.12890625,-92.28515625,1.0
295.0078125,-42.48046875,-61.03515625,-24.90234375,-57.6171875,-50.78125,1.0
295.01171875,-40.52734375,-39.0625,-3.90625,-41.50390625,-83.0078125,1.0
295.015625,-40.52734375,-22.4609375,-6.34765625,-37.109375,-58.10546875,1.0
295.01953125,-40.52734375,-28.80859375,-18.06640625,-42.48046875,-41.50390625,1.0
295.0234375,-47.36328125,-35.15625,-16.11328125,-48.33984375,-97.16796875,1.0
295.02734375,-42.48046875,-40.0390625,-23.4375,-46.38671875,-90.33203125,1.0
295.03125,-41.50390625,-44.43359375,-38.0859375,-35.15625,-55.17578125,1.0
295.03515625,-34.66796875,-36.62109375,-22.4609375,-26.3671875,-20.5078125,1.0
295.0390625,-20.5078125,-32.2265625,-19.53125,-21.97265625,5.37109375,1.0
295.04296875,-3.41796875,-42.96875,-23.92578125,-14.16015625,-9.765625,1.0
295.046875,0.0,-44.921875,-20.99609375,-15.625,24.90234375,1.0
295.05078125,-33.203125,-36.62109375,-18.5546875,-12.20703125,62.98828125,1.0
295.0546875,-61.03515625,-10.7421875,-9.765625,-22.94921875,4.39453125,1.0
295.05859375,-57.12890625,-4.8828125,-19.04296875,-36.62109375,-23.4375,1.0
295.0625,-46.38671875,-13.18359375,-34.66796875,-39.0625,-62.98828125,1.0
295.06640625,-34.66796875,-22.94921875,-24.90234375,-48.828125,-44.921875,1.0
295.0703125,-29.78515625,-30.76171875,-7.8125,-45.41015625,10.7421875,1.0
295.07421875,-31.73828125,-22.94921875,-10.25390625,-26.3671875,-28.3203125,1.0
295.078125,-24.4140625,-17.578125,-21.97265625,-29.78515625,-29.78515625,1.0
295.08203125,-26.3671875,-27.34375,-15.625,-38.0859375,-46.875,1.0
295.0859375,-21.484375,-31.73828125,-14.6484375,-27.34375,-69.82421875,1.0
295.08984375,-11.71875,-26.85546875,-20.99609375,-19.53125,-36.1328125,1.0
295.09375,-22.94921875,-29.78515625,-35.15625,-14.6484375,-40.0390625,1.0
295.09765625,-14.16015625,-35.64453125,-38.0859375,-19.04296875,-89.84375,1.0
295.1015625,-11.71875,-27.83203125,-19.53125,-31.73828125,-116.69921875,1.0
295.10546875,-23.4375,-15.625,-12.20703125,-35.64453125,-46.38671875,1.0
295.109375,-26.3671875,-15.13671875,-16.6015625,-33.203125,-12.6953125,1.0
295.11328125,-26.3671875,-28.80859375,-15.13671875,-21.97265625,-39.55078125,1.0
295.1171875,-29.78515625,-36.1328125,-25.87890625,-24.4140625,-96.19140625,1.0
295.12109375,-20.99609375,-26.3671875,-44.921875,-32.71484375,-88.8671875,1.0
295.125,-14.6484375,-19.53125,-45.8984375,-28.80859375,-122.0703125,1.0
295.12890625,-3.41796875,-10.25390625,-32.2265625,0.0,-161.1328125,1.0
295.1328125,-0.48828125,-4.8828125,-20.5078125,3.41796875,-117.1875,1.0
295.13671875,-46.875,-21.484375,-16.11328125,-50.29296875,-102.5390625,1.0
295.140625,-64.94140625,-31.73828125,-19.53125,-62.98828125,-24.4140625,1.0
295.14453125,-39.55078125,-39.0625,-23.92578125,-50.29296875,3.41796875,1.0
295.1484375,-35.64453125,-42.48046875,-22.4609375,-42.96875,-63.96484375,1.0
295.15234375,-48.33984375,-32.2265625,-17.578125,-38.0859375,-83.984375,1.0
295.15625,-46.875,-33.69140625,-10.25390625,-40.52734375,-62.5,1.0
295.16015625,-46.38671875,-48.828125,-14.16015625,-52.734375,-90.33203125,1.0
295.1640625,-52.24609375,-55.6640625,-8.7890625,-57.12890625,-127.44140625,1.0
295.16796875,-51.26953125,-60.546875,-9.27734375,-46.38671875,-141.6015625,1.0
295.171875,-46.875,-58.59375,-26.85546875,-42.96875,-15.625,1.0
295.17578125,-53.22265625,-49.8046875,-30.2734375,-46.38671875,81.0546875,1.0
295.1796875,-54.19921875,-30.2734375,-34.1796875,-56.640625,0.9765625,1.0
295.18359375,-49.8046875,-34.1796875,-31.73828125,-54.19921875,-8.30078125,1.0
295.1875,-53.22265625,-40.52734375,-26.3671875,-39.55078125,45.41015625,1.0
295.19140625,-60.546875,-34.66796875,-29.78515625,-42.48046875,92.7734375,1.0
295.1953125,-48.828125,-39.0625,-25.87890625,-44.921875,42.48046875,1.0
295.19921875,-40.52734375,-56.15234375,-30.2734375,-41.9921875,-42.96875,1.0
295.203125,-52.24609375,-62.01171875,-31.25,-43.9453125,-76.66015625,1.0
295.20703125,-48.828125,-43.45703125,-19.53125,-50.29296875,-27.34375,1.0
295.2109375,-39.0625,-25.87890625,-16.11328125,-44.43359375,-23.92578125,1.0
295.21484375,-47.36328125,-20.01953125,-20.99609375,-41.50390625,-63.96484375,1.0
295.21875,-42.96875,-22.94921875,-21.484375,-43.9453125,-69.82421875,1.0
295.22265625,-31.73828125,-24.4140625,-25.390625,-46.875,-73.73046875,1.0
295.2265625,-35.15625,-28.3203125,-28.3203125,-45.41015625,-22.94921875,1.0
295.23046875,-44.43359375,-36.1328125,-30.2734375,-42.96875,-20.01953125,1.0
295.234375,-42.96875,-41.015625,-40.52734375,-48.33984375,-46.38671875,1.0
295.23828125,-48.828125,-40.0390625,-46.38671875,-56.15234375,-19.04296875,1.0
295.2421875,-44.921875,-30.76171875,-41.50390625,-51.26953125,-32.2265625,1.0
295.24609375,-26.85546875,-32.71484375,-43.9453125,-43.9453125,-114.74609375,1.0
295.25,-34.66796875,-42.96875,-37.109375,-50.78125,-134.27734375,1.0
295.25390625,-41.50390625,-42.48046875,-23.4375,-50.78125,-136.71875,1.0
295.2578125,-41.9921875,-49.8046875,-33.69140625,-38.0859375,-35.15625,1.0
295.26171875,-31.25,-43.9453125,-37.109375,-41.015625,18.06640625,1.0
295.265625,-37.109375,-20.01953125,-42.96875,-51.26953125,4.8828125,1.0
295.26953125,-53.22265625,-24.4140625,-44.43359375,-61.03515625,-9.27734375,1.0
295.2734375,-59.5703125,-29.296875,-34.66796875,-56.15234375,-33.203125,1.0
295.27734375,-76.66015625,-28.3203125,-35.64453125,-46.38671875,-51.26953125,1.0
295.28125,-70.80078125,-34.66796875,-41.9921875,-62.01171875,-28.80859375,1.0
295.28515625,-45.41015625,-41.015625,-46.875,-60.05859375,-79.1015625,1.0
295.2890625,-30.2734375,-44.43359375,-42.96875,-39.55078125,-79.58984375,1.0
295.29296875,-48.828125,-43.9453125,-38.57421875,-40.0390625,72.75390625,1.0
295.296875,-47.8515625,-46.875,-32.71484375,-49.31640625,134.27734375,1.0
295.30078125,-17.08984375,-43.45703125,-27.83203125,-42.48046875,130.37109375,1.0
295.3046875,-18.5546875,-41.9921875,-35.15625,-35.15625,28.80859375,1.0
295.30859375,-26.3671875,-48.33984375,-46.38671875,-24.90234375,-79.1015625,1.0
295.3125,-30.2734375,-39.0625,-44.43359375,-26.85546875,-65.91796875,1.0
295.31640625,-31.73828125,-37.109375,-34.1796875,-28.3203125,-60.546875,1.0
295.3203125,-21.484375,-39.0625,-37.109375,-30.2734375,-84.9609375,1.0
295.32421875,-26.85546875,-41.015625,-38.0859375,-32.2265625,-109.375,1.0
295.328125,-31.25,-35.15625,-32.2265625,-19.04296875,-32.71484375,1.0
295.33203125,-34.1796875,-26.85546875,-36.62109375,-18.5546875,3.90625,1.0
295.3359375,-27.34375,-36.1328125,-33.203125,-10.25390625,1.46484375,1.0
295.33984375,-12.6953125,-28.3203125,-48.33984375,-7.32421875,0.9765625,1.0
295.34375,-32.2265625,-38.0859375,-34.66796875,-32.2265625,-62.5,1.0
295.34765625,-45.41015625,-31.73828125,-18.06640625,-30.76171875,-32.2265625,1.0
295.3515625,-56.640625,-13.671875,-27.34375,-29.296875,-50.29296875,1.0
295.35546875,-75.1953125,-27.83203125,-33.69140625,-45.8984375,-58.10546875,1.0
295.359375,-56.15234375,-30.76171875,-40.0390625,-42.48046875,25.87890625,1.0
295.36328125,-48.33984375,-28.80859375,-43.45703125,-47.8515625,20.99609375,1.0
295.3671875,-62.01171875,-40.0390625,-39.55078125,-49.31640625,73.73046875,1.0
295.37109375,-50.29296875,-42.48046875,-30.76171875,-26.3671875,33.69140625,1.0
295.375,-37.59765625,-43.45703125,-32.2265625,-22.94921875,-83.984375,1.0
295.37890625,-23.92578125,-51.7578125,-26.85546875,-15.13671875,-11.71875,1.0
295.3828125,-22.94921875,-42.96875,-32.2265625,-24.4140625,20.01953125,1.0
295.38671875,-36.1328125,-22.94921875,-27.83203125,-40.52734375,-28.80859375,1.0
295.390625,-13.671875,-6.8359375,-15.13671875,-4.8828125,-34.66796875,1.0
295.39453125,-20.5078125,-9.765625,-28.3203125,-7.8125,-8.30078125,1.0
295.3984375,-45.41015625,-23.92578125,-34.66796875,-34.66796875,-0.9765625,1.0
295.40234375,-49.31640625,-38.0859375,-37.59765625,-40.52734375,-27.83203125,1.0
295.40625,-23.92578125,-40.0390625,-36.62109375,-35.64453125,12.6953125,1.0
295.41015625,-16.11328125,-26.85546875,-48.33984375,-32.71484375,-5.37109375,1.0
295.4140625,-44.921875,-21.97265625,-53.22265625,-23.92578125,-47.36328125,1.0
295.41796875,-79.58984375,-26.3671875,-40.0390625,-41.9921875,-38.57421875,1.0
295.421875,-92.7734375,-28.3203125,-35.15625,-72.265625,-42.96875,1.0
295.42578125,-83.0078125,-35.15625,-37.109375,-75.1953125,-2.44140625,1.0
295.4296875,-97.16796875,-35.15625,-36.62109375,-74.21875,56.15234375,1.0
295.43359375,-94.23828125,-32.71484375,-28.80859375,-62.01171875,48.33984375,1.0
295.4375,-90.8203125,-43.45703125,-38.0859375,-83.49609375,6.8359375,1.0
295.44140625,-82.03125,-41.50390625,-51.26953125,-87.40234375,3.41796875,1.0
295.4453125,-58.59375,-29.78515625,-42.48046875,-62.5,50.29296875,1.0
295.44921875,-60.546875,-33.203125,-41.015625,-60.546875,-34.1796875,1.0
295.453125,-56.640625,-35.15625,-46.875,-59.08203125,-110.3515625,1.0
295.45703125,-57.6171875,-41.50390625,-41.9921875,-56.640625,-142.578125,1.0
295.4609375,-64.453125,-40.52734375,-46.875,-63.96484375,-126.46484375,1.0
295.46484375,-57.6171875,-37.59765625,-59.5703125,-68.359375,-60.546875,1.0
295.46875,-50.29296875,-42.48046875,-48.33984375,-61.03515625,-69.82421875,1.0
295.47265625,-59.08203125,-47.36328125,-42.96875,-54.6875,-22.4609375,1.0
295.4765625,-62.01171875,-37.109375,-38.57421875,-50.29296875,-16.11328125,1.0
295.48046875,-49.31640625,-18.5546875,-39.0625,-59.08203125,-58.10546875,1.0
295.484375,-48.33984375,-17.578125,-43.45703125,-91.796875,26.3671875,1.0
295.48828125,-54.6875,-30.2734375,-38.57421875,-82.51953125,37.59765625,1.0
295.4921875,-62.5,-43.9453125,-35.64453125,-68.84765625,-79.1015625,1.0
295.49609375,-65.4296875,-37.109375,-34.66796875,-67.3828125,-94.23828125,1.0
295.5,-68.359375,-34.66796875,-36.62109375,-69.82421875,-61.5234375,1.0
295.50390625,-56.15234375,-28.80859375,-40.52734375,-75.68359375,-146.97265625,1.0
295.5078125,-50.78125,-13.671875,-43.9453125,-74.70703125,-124.51171875,1.0
295.51171875,-59.08203125,-22.94921875,-37.109375,-57.12890625,-125.0,1.0
295.515625,-64.94140625,-34.1796875,-34.66796875,-52.734375,-169.921875,1.0
295.51953125,-61.5234375,-33.203125,-36.62109375,-64.453125,-134.27734375,1.0
295.5234375,-51.26953125,-33.203125,-36.62109375,-56.15234375,-141.11328125,1.0
295.52734375,-40.0390625,-37.109375,-32.2265625,-52.734375,-165.0390625,1.0
295.53125,-43.9453125,-36.62109375,-29.78515625,-49.8046875,-100.09765625,1.0
295.53515625,-39.0625,-37.59765625,-34.1796875,-42.96875,-41.9921875,1.0
295.5390625,-31.25,-41.9921875,-19.04296875,-49.8046875,-77.63671875,1.0
295.54296875,-39.0625,-41.015625,-12.20703125,-55.17578125,-60.05859375,1.0
295.546875,-23.4375,-45.41015625,-37.109375,-49.31640625,41.015625,1.0
295.55078125,-16.11328125,-47.36328125,-46.38671875,-47.8515625,50.29296875,1.0
295.5546875,-40.0390625,-36.1328125,-31.25,-47.8515625,55.6640625,1.0
295.55859375,-57.12890625,-36.1328125,-23.92578125,-55.6640625,37.109375,1.0
295.5625,-46.875,-38.57421875,-36.62109375,-64.453125,-19.04296875,1.0
295.56640625,-33.69140625,-40.0390625,-41.50390625,-56.640625,-14.16015625,1.0
295.5703125,-24.4140625,-31.25,-32.2265625,-44.921875,-80.078125,1.0
295.57421875,-29.296875,-21.484375,-35.15625,-33.69140625,-123.046875,1.0
295.578125,-61.5234375,-38.57421875,-42.48046875,-52.734375,-45.8984375,1.0
295.58203125,-60.546875,-45.41015625,-28.80859375,-68.84765625,-78.125,1.0
295.5859375,-40.0390625,-49.31640625,-30.76171875,-58.59375,-111.81640625,1.0
295.58984375,-33.69140625,-59.5703125,-49.31640625,-55.6640625,-19.04296875,1.0
295.59375,-36.1328125,-58.59375,-44.43359375,-51.7578125,-21.97265625,1.0
295.59765625,-42.96875,-36.1328125,-30.76171875,-39.55078125,-12.6953125,1.0
295.6015625,-21.97265625,-22.94921875,-33.69140625,-51.26953125,54.6875,1.0
295.60546875,-11.23046875,-29.296875,-35.64453125,-44.921875,42.48046875,1.0
295.609375,-14.6484375,-39.55078125,-31.73828125,-24.90234375,21.484375,1.0
295.61328125,-8.7890625,-31.73828125,-35.15625,-22.4609375,28.3203125,1.0
295.6171875,-15.13671875,-20.01953125,-41.50390625,-29.296875,-29.296875,1.0
295.62109375,-13.18359375,-25.390625,-43.45703125,-46.38671875,-30.76171875,1.0
295.625,9.27734375,-24.90234375,-30.2734375,-53.22265625,-1.953125,1.0
295.62890625,14.6484375,-14.16015625,-3.41796875,-36.1328125,-38.0859375,1.0
295.6328125,-3.90625,-13.671875,-8.7890625,-40.52734375,-10.7421875,1.0
295.63671875,-6.34765625,-18.5546875,-26.3671875,-37.109375,-1.46484375,1.0
295.640625,10.25390625,-20.99609375,-29.78515625,-36.1328125,19.04296875,1.0
295.64453125,3.41796875,-25.390625,-28.80859375,-40.52734375,94.7265625,1.0
295.6484375,-6.8359375,-33.69140625,-27.34375,-31.25,81.54296875,1.0
295.65234375,-19.04296875,-44.43359375,-29.296875,-24.90234375,23.92578125,1.0
295.65625,-38.0859375,-44.921875,-27.34375,-32.71484375,-27.34375,1.0
295.66015625,-29.296875,-43.9453125,-31.73828125,-36.62109375,-35.15625,1.0
295.6640625,-9.765625,-37.109375,-37.109375,-24.4140625,-88.8671875,1.0
295.66796875,-11.23046875,-27.34375,-49.31640625,-27.34375,-44.43359375,1.0
295.671875,-20.01953125,-25.390625,-33.203125,-16.6015625,27.83203125,1.0
295.67578125,-5.859375,-24.4140625,-10.25390625,-1.953125,6.34765625,1.0
295.6796875,17.578125,-35.64453125,-14.16015625,3.41796875,-20.5078125,1.0
295.68359375,14.16015625,-32.2265625,-20.5078125,-8.7890625,-43.45703125,1.0
295.6875,-13.18359375,-20.99609375,-21.97265625,-20.5078125,-2.44140625,1.0
295.69140625,-12.6953125,-15.625,-23.92578125,-1.953125,85.9375,1.0
295.6953125,26.85546875,-40.0390625,-23.4375,34.1796875,38.0859375,1.0
295.69921875,25.87890625,-22.4609375,-24.4140625,17.578125,-100.09765625,1.0
295.703125,1.953125,4.39453125,-30.2734375,-17.08984375,-56.15234375,1.0
295.70703125,-3.90625,-11.71875,-25.87890625,-22.94921875,-1.953125,1.0
295.7109375,0.48828125,-11.71875,-10.7421875,-3.41796875,-75.68359375,1.0
295.71484375,4.39453125,-11.71875,-16.11328125,0.0,-143.5546875,1.0
295.71875,-5.37109375,-29.296875,-22.4609375,-20.5078125,-250.0,1.0
295.72265625,6.34765625,-27.34375,-24.90234375,-15.625,-218.26171875,1.0
295.7265625,13.671875,-24.90234375,-20.99609375,-7.8125,-162.59765625,1.0
295.73046875,1.953125,-43.9453125,-19.53125,-14.16015625,-185.05859375,1.0
295.734375,2.44140625,-52.24609375,-35.64453125,-13.671875,-133.7890625,1.0
295.73828125,-11.71875,-59.5703125,-49.8046875,-30.76171875,-20.99609375,1.0
295.7421875,1.953125,-50.78125,-42.96875,-26.3671875,58.10546875,1.0
295.74609375,17.08984375,-11.71875,-19.04296875,-8.30078125,14.16015625,1.0
295.75,-29.78515625,-0.48828125,-10.25390625,-41.9921875,-45.8984375,1.0
295.75390625,-42.96875,-27.83203125,-20.5078125,-51.26953125,-101.07421875,1.0
295.7578125,-23.92578125,-20.99609375,-20.01953125,-49.31640625,-185.546875,1.0
295.76171875,-19.53125,-34.1796875,-18.5546875,-53.7109375,-225.09765625,1.0
295.765625,-18.06640625,-39.55078125,-21.484375,-30.2734375,-179.6875,1.0
295.76953125,-30.76171875,-24.90234375,-44.921875,-21.484375,-4.39453125,1.0
295.7734375,-1.953125,-20.5078125,-44.921875,7.8125,138.18359375,1.0
295.77734375,-21.484375,0.48828125,-25.390625,-34.66796875,127.9296875,1.0
295.78125,-69.82421875,-25.390625,-23.92578125,-93.75,70.3125,1.0
295.78515625,-62.01171875,-43.9453125,-33.203125,-83.49609375,-11.71875,1.0
295.7890625,-56.640625,-30.76171875,-41.50390625,-62.98828125,-73.73046875,1.0
295.79296875,-67.3828125,-32.2265625,-37.59765625,-66.89453125,-38.0859375,1.0
295.796875,-44.921875,-58.10546875,-28.3203125,-38.57421875,-11.23046875,1.0
295.80078125,-20.01953125,-46.875,-32.2265625,-12.6953125,-25.390625,1.0
295.8046875,-38.0859375,-44.921875,-47.36328125,-60.05859375,34.1796875,1.0
295.80859375,-60.05859375,-81.54296875,-74.70703125,-74.21875,100.5859375,1.0
295.8125,-60.05859375,-30.76171875,-75.1953125,-56.15234375,101.5625,1.0
295.81640625,-62.01171875,11.71875,-58.10546875,-61.5234375,40.0390625,1.0
295.8203125,-70.3125,-1.46484375,-30.2734375,-70.3125,-13.18359375,1.0
295.82421875,-74.21875,-0.9765625,-16.6015625,-70.80078125,-15.13671875,1.0
295.828125,-77.63671875,-6.8359375,-19.53125,-67.3828125,85.44921875,1.0
295.83203125,-87.890625,-23.92578125,-22.4609375,-70.80078125,172.8515625,1.0
295.8359375,-77.1484375,-27.34375,-20.5078125,-61.5234375,116.2109375,1.0
295.83984375,-48.33984375,-32.2265625,-22.94921875,-51.26953125,20.01953125,1.0
295.84375,-55.6640625,-34.1796875,-38.0859375,-57.12890625,51.26953125,1.0
295.84765625,-63.96484375,-27.34375,-48.33984375,-62.01171875,60.546875,1.0
295.8515625,-47.36328125,-10.7421875,-39.55078125,-44.921875,12.20703125,1.0
295.85546875,-53.7109375,-2.44140625,-30.76171875,-34.66796875,14.6484375,1.0
295.859375,-58.59375,-24.4140625,-29.296875,-44.43359375,36.1328125,1.0
295.86328125,-45.8984375,-33.203125,-44.921875,-40.52734375,-36.62109375,1.0
295.8671875,-39.0625,-22.4609375,-57.6171875,-32.71484375,-54.19921875,1.0
295.87109375,-32.71484375,-20.01953125,-55.17578125,-29.296875,9.27734375,1.0
295.875,-41.015625,-7.32421875,-35.15625,-44.921875,47.8515625,1.0
295.87890625,-59.08203125,-14.16015625,-5.859375,-65.4296875,32.71484375,1.0
295.8828125,-48.33984375,-26.85546875,5.859375,-50.78125,-67.3828125,1.0
295.88671875,-48.828125,-4.8828125,-18.5546875,-31.73828125,-44.43359375,1.0
295.890625,-42.48046875,4.8828125,-43.45703125,-31.25,-11.23046875,1.0
295.89453125,-47.36328125,-2.44140625,-29.296875,-28.3203125,-72.265625,1.0
295.8984375,-51.7578125,-3.41796875,-19.53125,-36.62109375,-178.22265625,1.0
295.90234375,-32.2265625,-15.625,-30.76171875,-59.5703125,-166.9921875,1.0
295.90625,-29.78515625,-31.73828125,-45.41015625,-51.7578125,-67.3828125,1.0
295.91015625,-49.31640625,-25.87890625,-40.52734375,-33.69140625,-32.2265625,1.0
295.9140625,-49.31640625,-17.08984375,-13.18359375,-29.296875,8.30078125,1.0
295.91796875,-44.921875,-38.57421875,-23.4375,-57.12890625,-29.78515625,1.0
295.921875,-52.24609375,-41.50390625,-41.9921875,-74.70703125,-77.63671875,1.0
295.92578125,-21.484375,-29.78515625,-37.109375,-35.15625,-73.73046875,1.0
295.9296875,-30.76171875,-0.48828125,-33.203125,-22.4609375,-27.83203125,1.0
295.93359375,-48.33984375,-11.71875,-30.76171875,-31.73828125,18.06640625,1.0
295.9375,-1.46484375,-29.78515625,-25.87890625,-6.8359375,35.64453125,1.0
295.94140625,3.41796875,2.9296875,-25.87890625,-0.9765625,-53.7109375,1.0
295.9453125,-55.17578125,4.8828125,-30.76171875,-65.91796875,-118.1640625,1.0
295.94921875,-71.2890625,-11.23046875,-36.1328125,-89.84375,-71.77734375,1.0
295.953125,-68.84765625,-24.90234375,-35.15625,-67.87109375,0.0,1.0
295.95703125,-89.84375,-31.25,-42.96875,-92.28515625,-95.703125,1.0
295.9609375,-82.03125,-19.04296875,-54.6875,-104.98046875,-139.6484375,1.0
295.96484375,-76.66015625,-14.16015625,-54.6875,-93.26171875,-1.46484375,1.0
295.96875,-89.35546875,-8.30078125,-53.7109375,-91.30859375,25.390625,1.0
295.97265625,-97.16796875,-15.625,-50.78125,-91.796875,-43.45703125,1.0
295.9765625,-92.7734375,-19.53125,-51.26953125,-92.28515625,-69.3359375,1.0
295.98046875,-65.4296875,-20.99609375,-47.8515625,-75.1953125,-75.68359375,1.0
295.984375,-48.828125,-36.1328125,-34.1796875,-68.84765625,-92.7734375,1.0
295.98828125,-57.6171875,-40.0390625,-30.2734375,-63.4765625,-111.81640625,1.0
295.9921875,-55.6640625,-33.69140625,-32.71484375,-46.38671875,-84.47265625,1.0
295.99609375,-30.76171875,-24.90234375,-38.0859375,-25.87890625,-79.58984375,1.0
296.0,-25.390625,-13.671875,-57.12890625,-36.1328125,-29.296875,1.0
